// x, y, n_BG, n_sig0, n_sig1, n_sig2, n_sig3 
100, 100, 3.24955e+11, 56398.8, 813.432, 28281, 379.516;
100, 200, 6.48142e+10, 46058.2, 689.21, 23048.1, 323.687;
100, 300, 1.71916e+10, 35903.9, 579.883, 18094.8, 272.007;
100, 400, 6.29463e+09, 27886.2, 497.423, 14007, 232.286;
100, 500, 2.85021e+09, 21860, 430.523, 10991.7, 203.12;
100, 600, 1.48479e+09, 17294, 369.343, 8739.61, 175.48;
100, 700, 8.31303e+08, 13826, 319.335, 6963.68, 151.318;
100, 800, 5.04126e+08, 11091.7, 276.774, 5600.23, 133.929;
100, 900, 3.1906e+08, 9037.88, 239.401, 4534.16, 117.455;
100, 1000, 2.09546e+08, 7459.94, 211.604, 3727.09, 103.421;
100, 1100, 1.42808e+08, 6131.68, 185.669, 3038.98, 91.157;
100, 1200, 1.01718e+08, 5076.65, 167.315, 2518.41, 80.0522;
100, 1300, 7.48831e+07, 4238.55, 150.025, 2102.09, 71.388;
100, 1400, 5.55675e+07, 3528.38, 134.863, 1752.91, 64.0052;
100, 1500, 4.22017e+07, 2967.6, 121.164, 1482.4, 56.1952;
100, 1600, 3.2661e+07, 2521.44, 107.066, 1263.68, 50.6428;
100, 1700, 2.5449e+07, 2163.28, 95.0955, 1078.86, 44.9073;
100, 1800, 1.92842e+07, 1840.94, 85.6525, 924.739, 41.1244;
100, 1900, 1.53041e+07, 1589.2, 77.6724, 801.312, 36.4872;
100, 2000, 1.21461e+07, 1352.82, 69.8254, 678.525, 33.2534;
100, 2100, 9.88847e+06, 1178.85, 63.5743, 596.668, 29.9586;
100, 2200, 8.20154e+06, 1022.29, 55.9933, 516.089, 26.9078;
100, 2300, 6.67695e+06, 907.677, 50.8063, 445.102, 23.918;
100, 2400, 5.52907e+06, 793.066, 46.1512, 400.976, 21.3554;
100, 2500, 4.61305e+06, 699.945, 42.9592, 349.175, 18.7927;
100, 2600, 3.92465e+06, 620.127, 39.5012, 310.804, 16.7792;
100, 2700, 3.31034e+06, 548.495, 36.3092, 269.875, 15.1928;
100, 2800, 2.73191e+06, 488.119, 31.7872, 234.063, 13.9725;
100, 2900, 2.32729e+06, 428.767, 28.1961, 210.4, 12.7522;
100, 3000, 1.97761e+06, 390.905, 25.6691, 183.541, 11.837;
100, 3100, 1.68136e+06, 353.042, 22.6101, 163.076, 10.9218;
100, 3200, 1.42741e+06, 306.993, 20.6151, 143.891, 10.2506;
100, 3300, 1.25471e+06, 270.154, 18.8861, 129.182, 9.15231;
100, 3400, 1.09814e+06, 245.595, 17.2901, 112.555, 8.42013;
100, 3500, 894701, 227.175, 15.9601, 102.322, 7.80997;
100, 3600, 810230, 204.662, 14.4971, 93.3692, 6.95576;
100, 3700, 705778, 182.149, 13.4331, 86.974, 6.3456;
100, 3800, 594341, 159.637, 12.5021, 78.0208, 5.97951;
100, 3900, 549246, 140.194, 11.7041, 65.8701, 5.43037;
100, 4000, 480781, 126.891, 11.1721, 60.1144, 4.94225;
200, 100, 1.46673e+11, 43385.3, 639.467, 21865.7, 302.087;
200, 200, 4.94648e+10, 41301.9, 618.985, 20802.8, 292.447;
200, 300, 1.61813e+10, 34810, 561.529, 17559.5, 264.441;
200, 400, 6.21937e+09, 27639.6, 493.034, 13909.8, 230.882;
200, 500, 2.84571e+09, 21811.9, 429.858, 10973.8, 202.876;
200, 600, 1.48479e+09, 17289.9, 368.811, 8736.42, 175.48;
200, 700, 8.31303e+08, 13824.9, 319.202, 6963.68, 151.318;
200, 800, 5.04126e+08, 11091.7, 276.774, 5600.23, 133.929;
200, 900, 3.1906e+08, 9037.88, 239.401, 4534.16, 117.455;
200, 1000, 2.09546e+08, 7459.94, 211.604, 3727.09, 103.421;
200, 1100, 1.42808e+08, 6131.68, 185.669, 3038.98, 91.157;
200, 1200, 1.01718e+08, 5076.65, 167.315, 2518.41, 80.0522;
200, 1300, 7.48831e+07, 4238.55, 150.025, 2102.09, 71.388;
200, 1400, 5.55675e+07, 3528.38, 134.863, 1752.91, 64.0052;
200, 1500, 4.22017e+07, 2967.6, 121.164, 1482.4, 56.1952;
200, 1600, 3.2661e+07, 2521.44, 107.066, 1263.68, 50.6428;
200, 1700, 2.5449e+07, 2163.28, 95.0955, 1078.86, 44.9073;
200, 1800, 1.92842e+07, 1840.94, 85.6525, 924.739, 41.1244;
200, 1900, 1.53041e+07, 1589.2, 77.6724, 801.312, 36.4872;
200, 2000, 1.21461e+07, 1352.82, 69.8254, 678.525, 33.2534;
200, 2100, 9.88847e+06, 1178.85, 63.5743, 596.668, 29.9586;
200, 2200, 8.20154e+06, 1022.29, 55.9933, 516.089, 26.9078;
200, 2300, 6.67695e+06, 907.677, 50.8063, 445.102, 23.918;
200, 2400, 5.52907e+06, 793.066, 46.1512, 400.976, 21.3554;
200, 2500, 4.61305e+06, 699.945, 42.9592, 349.175, 18.7927;
200, 2600, 3.92465e+06, 620.127, 39.5012, 310.804, 16.7792;
200, 2700, 3.31034e+06, 548.495, 36.3092, 269.875, 15.1928;
200, 2800, 2.73191e+06, 488.119, 31.7872, 234.063, 13.9725;
200, 2900, 2.32729e+06, 428.767, 28.1961, 210.4, 12.7522;
200, 3000, 1.97761e+06, 390.905, 25.6691, 183.541, 11.837;
200, 3100, 1.68136e+06, 353.042, 22.6101, 163.076, 10.9218;
200, 3200, 1.42741e+06, 306.993, 20.6151, 143.891, 10.2506;
200, 3300, 1.25471e+06, 270.154, 18.8861, 129.182, 9.15231;
200, 3400, 1.09814e+06, 245.595, 17.2901, 112.555, 8.42013;
200, 3500, 894701, 227.175, 15.9601, 102.322, 7.80997;
200, 3600, 810230, 204.662, 14.4971, 93.3692, 6.95576;
200, 3700, 705778, 182.149, 13.4331, 86.974, 6.3456;
200, 3800, 594341, 159.637, 12.5021, 78.0208, 5.97951;
200, 3900, 549246, 140.194, 11.7041, 65.8701, 5.43037;
200, 4000, 480781, 126.891, 11.1721, 60.1144, 4.94225;
300, 100, 7.23368e+10, 33210.5, 537.19, 16699.3, 255.472;
300, 200, 2.85529e+10, 32485, 531.604, 16321.4, 252.238;
300, 300, 1.31883e+10, 30457.8, 515.378, 15295, 244.794;
300, 400, 5.75209e+09, 25970.6, 473.083, 13028.5, 223.377;
300, 500, 2.75956e+09, 21174.4, 422.543, 10647, 199.887;
300, 600, 1.46789e+09, 17059.6, 366.816, 8627.7, 174.809;
300, 700, 8.28193e+08, 13748.2, 318.138, 6927.23, 151.318;
300, 800, 5.02735e+08, 11071.2, 276.641, 5588.72, 133.929;
300, 900, 3.18935e+08, 9035.84, 239.401, 4532.88, 117.455;
300, 1000, 2.09504e+08, 7458.91, 211.604, 3726.45, 103.421;
300, 1100, 1.42808e+08, 6131.68, 185.669, 3038.98, 91.157;
300, 1200, 1.01718e+08, 5076.65, 167.315, 2518.41, 80.0522;
300, 1300, 7.48831e+07, 4238.55, 150.025, 2102.09, 71.388;
300, 1400, 5.55675e+07, 3528.38, 134.863, 1752.91, 64.0052;
300, 1500, 4.22017e+07, 2967.6, 121.164, 1482.4, 56.1952;
300, 1600, 3.2661e+07, 2521.44, 107.066, 1263.68, 50.6428;
300, 1700, 2.5449e+07, 2163.28, 95.0955, 1078.86, 44.9073;
300, 1800, 1.92842e+07, 1840.94, 85.6525, 924.739, 41.1244;
300, 1900, 1.53041e+07, 1589.2, 77.6724, 801.312, 36.4872;
300, 2000, 1.21461e+07, 1352.82, 69.8254, 678.525, 33.2534;
300, 2100, 9.88847e+06, 1178.85, 63.5743, 596.668, 29.9586;
300, 2200, 8.20154e+06, 1022.29, 55.9933, 516.089, 26.9078;
300, 2300, 6.67695e+06, 907.677, 50.8063, 445.102, 23.918;
300, 2400, 5.52907e+06, 793.066, 46.1512, 400.976, 21.3554;
300, 2500, 4.61305e+06, 699.945, 42.9592, 349.175, 18.7927;
300, 2600, 3.92465e+06, 620.127, 39.5012, 310.804, 16.7792;
300, 2700, 3.31034e+06, 548.495, 36.3092, 269.875, 15.1928;
300, 2800, 2.73191e+06, 488.119, 31.7872, 234.063, 13.9725;
300, 2900, 2.32729e+06, 428.767, 28.1961, 210.4, 12.7522;
300, 3000, 1.97761e+06, 390.905, 25.6691, 183.541, 11.837;
300, 3100, 1.68136e+06, 353.042, 22.6101, 163.076, 10.9218;
300, 3200, 1.42741e+06, 306.993, 20.6151, 143.891, 10.2506;
300, 3300, 1.25471e+06, 270.154, 18.8861, 129.182, 9.15231;
300, 3400, 1.09814e+06, 245.595, 17.2901, 112.555, 8.42013;
300, 3500, 894701, 227.175, 15.9601, 102.322, 7.80997;
300, 3600, 810230, 204.662, 14.4971, 93.3692, 6.95576;
300, 3700, 705778, 182.149, 13.4331, 86.974, 6.3456;
300, 3800, 594341, 159.637, 12.5021, 78.0208, 5.97951;
300, 3900, 549246, 140.194, 11.7041, 65.8701, 5.43037;
300, 4000, 480781, 126.891, 11.1721, 60.1144, 4.94225;
400, 100, 4.21249e+10, 25338.2, 464.172, 12683.2, 219.045;
400, 200, 1.79371e+10, 24977, 461.645, 12492, 217.459;
400, 300, 9.13619e+09, 24193.1, 455.128, 12125.5, 214.774;
400, 400, 4.87633e+09, 22600.8, 440.897, 11337.6, 207.147;
400, 500, 2.56115e+09, 19541.1, 405.785, 9837.66, 191.71;
400, 600, 1.41008e+09, 16250.2, 358.836, 8233.12, 170.965;
400, 700, 8.11264e+08, 13417.7, 314.414, 6765.43, 149.854;
400, 800, 4.99438e+08, 10959.7, 275.178, 5515.18, 133.319;
400, 900, 3.18469e+08, 8986.72, 238.736, 4509.86, 117.333;
400, 1000, 2.09288e+08, 7436.4, 211.338, 3713.02, 103.421;
400, 1100, 1.42767e+08, 6123.49, 185.536, 3035.78, 91.157;
400, 1200, 1.01718e+08, 5073.58, 167.315, 2517.13, 80.0522;
400, 1300, 7.48831e+07, 4236.51, 150.025, 2102.09, 71.388;
400, 1400, 5.55675e+07, 3528.38, 134.863, 1752.91, 64.0052;
400, 1500, 4.22017e+07, 2967.6, 121.164, 1482.4, 56.1952;
400, 1600, 3.2661e+07, 2521.44, 107.066, 1263.68, 50.6428;
400, 1700, 2.5449e+07, 2163.28, 95.0955, 1078.86, 44.9073;
400, 1800, 1.92842e+07, 1840.94, 85.6525, 924.739, 41.1244;
400, 1900, 1.53041e+07, 1589.2, 77.6724, 801.312, 36.4872;
400, 2000, 1.21461e+07, 1352.82, 69.8254, 678.525, 33.2534;
400, 2100, 9.88847e+06, 1178.85, 63.5743, 596.668, 29.9586;
400, 2200, 8.20154e+06, 1022.29, 55.9933, 516.089, 26.9078;
400, 2300, 6.67695e+06, 907.677, 50.8063, 445.102, 23.918;
400, 2400, 5.52907e+06, 793.066, 46.1512, 400.976, 21.3554;
400, 2500, 4.61305e+06, 699.945, 42.9592, 349.175, 18.7927;
400, 2600, 3.92465e+06, 620.127, 39.5012, 310.804, 16.7792;
400, 2700, 3.31034e+06, 548.495, 36.3092, 269.875, 15.1928;
400, 2800, 2.73191e+06, 488.119, 31.7872, 234.063, 13.9725;
400, 2900, 2.32729e+06, 428.767, 28.1961, 210.4, 12.7522;
400, 3000, 1.97761e+06, 390.905, 25.6691, 183.541, 11.837;
400, 3100, 1.68136e+06, 353.042, 22.6101, 163.076, 10.9218;
400, 3200, 1.42741e+06, 306.993, 20.6151, 143.891, 10.2506;
400, 3300, 1.25471e+06, 270.154, 18.8861, 129.182, 9.15231;
400, 3400, 1.09814e+06, 245.595, 17.2901, 112.555, 8.42013;
400, 3500, 894701, 227.175, 15.9601, 102.322, 7.80997;
400, 3600, 810230, 204.662, 14.4971, 93.3692, 6.95576;
400, 3700, 705778, 182.149, 13.4331, 86.974, 6.3456;
400, 3800, 594341, 159.637, 12.5021, 78.0208, 5.97951;
400, 3900, 549246, 140.194, 11.7041, 65.8701, 5.43037;
400, 4000, 480781, 126.891, 11.1721, 60.1144, 4.94225;
500, 100, 2.66009e+10, 19650.6, 403.258, 9835.74, 191.893;
500, 200, 1.20267e+10, 19437.8, 401.662, 9726.38, 190.734;
500, 300, 6.43725e+09, 19025.4, 396.874, 9544.76, 188.782;
500, 400, 3.70083e+09, 18308.1, 390.49, 9212.21, 184.389;
500, 500, 2.23883e+09, 17055.5, 375.328, 8622.58, 178.348;
500, 600, 1.31857e+09, 14900.4, 340.615, 7561.63, 163.155;
500, 700, 7.81279e+08, 12659.4, 303.508, 6406.66, 145.705;
500, 800, 4.88542e+08, 10571.8, 269.193, 5334.83, 130.817;
500, 900, 3.14235e+08, 8803.55, 235.012, 4423.53, 115.99;
500, 1000, 2.08219e+08, 7342.26, 209.609, 3673.37, 102.811;
500, 1100, 1.42302e+08, 6079.49, 184.871, 3020.43, 90.7299;
500, 1200, 1.01551e+08, 5053.11, 166.783, 2511.38, 79.7472;
500, 1300, 7.48831e+07, 4226.27, 149.892, 2100.17, 71.205;
500, 1400, 5.55675e+07, 3524.28, 134.863, 1750.99, 64.0052;
500, 1500, 4.22017e+07, 2964.53, 121.164, 1481.76, 56.1952;
500, 1600, 3.2661e+07, 2521.44, 107.066, 1263.04, 50.6428;
500, 1700, 2.5449e+07, 2163.28, 95.0955, 1078.86, 44.9073;
500, 1800, 1.92842e+07, 1840.94, 85.6525, 924.739, 41.1244;
500, 1900, 1.53041e+07, 1589.2, 77.6724, 801.312, 36.4872;
500, 2000, 1.21461e+07, 1352.82, 69.8254, 678.525, 33.2534;
500, 2100, 9.88847e+06, 1178.85, 63.5743, 596.668, 29.9586;
500, 2200, 8.20154e+06, 1022.29, 55.9933, 516.089, 26.9078;
500, 2300, 6.67695e+06, 907.677, 50.8063, 445.102, 23.918;
500, 2400, 5.52907e+06, 793.066, 46.1512, 400.976, 21.3554;
500, 2500, 4.61305e+06, 699.945, 42.9592, 349.175, 18.7927;
500, 2600, 3.92465e+06, 620.127, 39.5012, 310.804, 16.7792;
500, 2700, 3.31034e+06, 548.495, 36.3092, 269.875, 15.1928;
500, 2800, 2.73191e+06, 488.119, 31.7872, 234.063, 13.9725;
500, 2900, 2.32729e+06, 428.767, 28.1961, 210.4, 12.7522;
500, 3000, 1.97761e+06, 390.905, 25.6691, 183.541, 11.837;
500, 3100, 1.68136e+06, 353.042, 22.6101, 163.076, 10.9218;
500, 3200, 1.42741e+06, 306.993, 20.6151, 143.891, 10.2506;
500, 3300, 1.25471e+06, 270.154, 18.8861, 129.182, 9.15231;
500, 3400, 1.09814e+06, 245.595, 17.2901, 112.555, 8.42013;
500, 3500, 894701, 227.175, 15.9601, 102.322, 7.80997;
500, 3600, 810230, 204.662, 14.4971, 93.3692, 6.95576;
500, 3700, 705778, 182.149, 13.4331, 86.974, 6.3456;
500, 3800, 594341, 159.637, 12.5021, 78.0208, 5.97951;
500, 3900, 549246, 140.194, 11.7041, 65.8701, 5.43037;
500, 4000, 480781, 126.891, 11.1721, 60.1144, 4.94225;
600, 100, 1.76614e+10, 15517.5, 338.753, 7749.64, 163.033;
600, 200, 8.53775e+09, 15383.4, 337.955, 7682.49, 162.118;
600, 300, 4.73186e+09, 15160.4, 335.428, 7578.89, 160.959;
600, 400, 2.81532e+09, 14783.8, 332.901, 7391.52, 158.579;
600, 500, 1.80107e+09, 14190.3, 325.719, 7096.06, 156.199;
600, 600, 1.17023e+09, 13225.3, 310.69, 6636.25, 149.366;
600, 700, 7.32206e+08, 11665.7, 285.686, 5869.47, 137.712;
600, 800, 4.7015e+08, 9963.98, 257.755, 5000.37, 125.692;
600, 900, 3.07667e+08, 8448.46, 228.495, 4220.16, 112.756;
600, 1000, 2.05534e+08, 7143.73, 206.018, 3558.26, 101.042;
600, 1100, 1.41152e+08, 5964.88, 183.009, 2966.07, 89.7537;
600, 1200, 1.01076e+08, 4986.59, 165.719, 2478.76, 79.4421;
600, 1300, 7.47067e+07, 4190.46, 149.227, 2083.54, 71.083;
600, 1400, 5.54745e+07, 3504.84, 134.73, 1743.96, 63.9442;
600, 1500, 4.21537e+07, 2958.39, 121.031, 1476, 56.1952;
600, 1600, 3.26547e+07, 2517.35, 107.066, 1261.12, 50.6428;
600, 1700, 2.54427e+07, 2160.21, 95.0955, 1078.86, 44.9073;
600, 1800, 1.92842e+07, 1837.87, 85.6525, 924.739, 41.1244;
600, 1900, 1.53041e+07, 1588.18, 77.6724, 801.312, 36.4872;
600, 2000, 1.21461e+07, 1352.82, 69.8254, 678.525, 33.2534;
600, 2100, 9.88847e+06, 1178.85, 63.5743, 596.668, 29.9586;
600, 2200, 8.20154e+06, 1022.29, 55.9933, 516.089, 26.9078;
600, 2300, 6.67695e+06, 907.677, 50.8063, 445.102, 23.918;
600, 2400, 5.52907e+06, 793.066, 46.1512, 400.976, 21.3554;
600, 2500, 4.61305e+06, 699.945, 42.9592, 349.175, 18.7927;
600, 2600, 3.92465e+06, 620.127, 39.5012, 310.804, 16.7792;
600, 2700, 3.31034e+06, 548.495, 36.3092, 269.875, 15.1928;
600, 2800, 2.73191e+06, 488.119, 31.7872, 234.063, 13.9725;
600, 2900, 2.32729e+06, 428.767, 28.1961, 210.4, 12.7522;
600, 3000, 1.97761e+06, 390.905, 25.6691, 183.541, 11.837;
600, 3100, 1.68136e+06, 353.042, 22.6101, 163.076, 10.9218;
600, 3200, 1.42741e+06, 306.993, 20.6151, 143.891, 10.2506;
600, 3300, 1.25471e+06, 270.154, 18.8861, 129.182, 9.15231;
600, 3400, 1.09814e+06, 245.595, 17.2901, 112.555, 8.42013;
600, 3500, 894701, 227.175, 15.9601, 102.322, 7.80997;
600, 3600, 810230, 204.662, 14.4971, 93.3692, 6.95576;
600, 3700, 705778, 182.149, 13.4331, 86.974, 6.3456;
600, 3800, 594341, 159.637, 12.5021, 78.0208, 5.97951;
600, 3900, 549246, 140.194, 11.7041, 65.8701, 5.43037;
600, 4000, 480781, 126.891, 11.1721, 60.1144, 4.94225;
700, 100, 1.22261e+10, 12387.2, 294.198, 6140.62, 140.641;
700, 200, 6.20783e+09, 12302.2, 293.533, 6101.61, 140.03;
700, 300, 3.54627e+09, 12162.1, 292.203, 6036.38, 139.237;
700, 400, 2.17406e+09, 11944.1, 290.607, 5923.83, 137.468;
700, 500, 1.4371e+09, 11603.3, 286.351, 5755.64, 136.553;
700, 600, 9.77313e+08, 11095.8, 278.37, 5538.84, 133.319;
700, 700, 6.66359e+08, 10361, 264.804, 5180.71, 127.522;
700, 800, 4.4458e+08, 9168.87, 244.455, 4591.08, 118.492;
700, 900, 2.95047e+08, 7916.33, 219.85, 3963.07, 107.997;
700, 1000, 2.00713e+08, 6807.07, 200.033, 3392.63, 97.9908;
700, 1100, 1.39388e+08, 5758.17, 179.019, 2870.14, 87.6181;
700, 1200, 1.0011e+08, 4868.91, 163.059, 2425.04, 78.1608;
700, 1300, 7.42884e+07, 4120.87, 147.498, 2050.29, 70.3508;
700, 1400, 5.53545e+07, 3466.98, 133.666, 1725.41, 63.456;
700, 1500, 4.21441e+07, 2933.83, 120.366, 1466.41, 56.0122;
700, 1600, 3.26547e+07, 2502, 106.667, 1256.65, 50.5818;
700, 1700, 2.54427e+07, 2153.05, 94.8295, 1076.3, 44.8463;
700, 1800, 1.92842e+07, 1832.75, 85.3864, 924.099, 41.0634;
700, 1900, 1.53041e+07, 1587.16, 77.5394, 801.312, 36.4872;
700, 2000, 1.21461e+07, 1352.82, 69.6924, 678.525, 33.2534;
700, 2100, 9.88847e+06, 1178.85, 63.4413, 596.668, 29.9586;
700, 2200, 8.20154e+06, 1022.29, 55.8603, 516.089, 26.9078;
700, 2300, 6.67695e+06, 907.677, 50.8063, 445.102, 23.918;
700, 2400, 5.52907e+06, 793.066, 46.1512, 400.976, 21.3554;
700, 2500, 4.61305e+06, 699.945, 42.9592, 349.175, 18.7927;
700, 2600, 3.92465e+06, 620.127, 39.5012, 310.804, 16.7792;
700, 2700, 3.31034e+06, 548.495, 36.3092, 269.875, 15.1928;
700, 2800, 2.73191e+06, 488.119, 31.7872, 234.063, 13.9725;
700, 2900, 2.32729e+06, 428.767, 28.1961, 210.4, 12.7522;
700, 3000, 1.97761e+06, 390.905, 25.6691, 183.541, 11.837;
700, 3100, 1.68136e+06, 353.042, 22.6101, 163.076, 10.9218;
700, 3200, 1.42741e+06, 306.993, 20.6151, 143.891, 10.2506;
700, 3300, 1.25471e+06, 270.154, 18.8861, 129.182, 9.15231;
700, 3400, 1.09814e+06, 245.595, 17.2901, 112.555, 8.42013;
700, 3500, 894701, 227.175, 15.9601, 102.322, 7.80997;
700, 3600, 810230, 204.662, 14.4971, 93.3692, 6.95576;
700, 3700, 705778, 182.149, 13.4331, 86.974, 6.3456;
700, 3800, 594341, 159.637, 12.5021, 78.0208, 5.97951;
700, 3900, 549246, 140.194, 11.7041, 65.8701, 5.43037;
700, 4000, 480781, 126.891, 11.1721, 60.1144, 4.94225;
800, 100, 8.75931e+09, 9951.7, 252.302, 4949.21, 122.214;
800, 200, 4.65074e+09, 9895.42, 251.903, 4919.79, 121.787;
800, 300, 2.71989e+09, 9812.53, 251.371, 4878.22, 121.299;
800, 400, 1.72081e+09, 9667.22, 250.041, 4804.68, 120.505;
800, 500, 1.16405e+09, 9466.65, 247.514, 4694.68, 119.895;
800, 600, 8.12381e+08, 9187.29, 242.859, 4573.17, 118.065;
800, 700, 5.77367e+08, 8792.29, 235.544, 4385.15, 115.075;
800, 800, 4.07265e+08, 8186.49, 226.101, 4091.62, 109.828;
800, 900, 2.79761e+08, 7314.63, 208.944, 3659.94, 102.018;
800, 1000, 1.93759e+08, 6389.55, 192.718, 3191.18, 93.9027;
800, 1100, 1.35853e+08, 5491.09, 173.965, 2737.12, 84.5064;
800, 1200, 9.82823e+07, 4688.81, 159.202, 2344.46, 76.0862;
800, 1300, 7.32642e+07, 4016.5, 144.838, 2001.04, 69.0084;
800, 1400, 5.48893e+07, 3406.6, 131.671, 1696.63, 62.5408;
800, 1500, 4.18723e+07, 2903.13, 118.637, 1449.78, 55.524;
800, 1600, 3.25398e+07, 2483.58, 105.603, 1248.33, 50.2157;
800, 1700, 2.53277e+07, 2142.81, 94.2975, 1072.47, 44.6633;
800, 1800, 1.92653e+07, 1826.61, 85.2534, 922.181, 40.8803;
800, 1900, 1.52915e+07, 1585.11, 77.4064, 800.033, 36.3652;
800, 2000, 1.21335e+07, 1351.79, 69.5594, 677.246, 33.1924;
800, 2100, 9.87583e+06, 1177.83, 63.3083, 596.668, 29.9586;
800, 2200, 8.1889e+06, 1022.29, 55.7273, 516.089, 26.9078;
800, 2300, 6.67064e+06, 907.677, 50.6733, 445.102, 23.918;
800, 2400, 5.52907e+06, 793.066, 46.0182, 400.976, 21.3554;
800, 2500, 4.61305e+06, 699.945, 42.8262, 349.175, 18.7927;
800, 2600, 3.92465e+06, 620.127, 39.5012, 310.804, 16.7792;
800, 2700, 3.31034e+06, 548.495, 36.3092, 269.875, 15.1928;
800, 2800, 2.73191e+06, 488.119, 31.7872, 234.063, 13.9725;
800, 2900, 2.32729e+06, 428.767, 28.1961, 210.4, 12.7522;
800, 3000, 1.97761e+06, 390.905, 25.6691, 183.541, 11.837;
800, 3100, 1.68136e+06, 353.042, 22.6101, 163.076, 10.9218;
800, 3200, 1.42741e+06, 306.993, 20.6151, 143.891, 10.2506;
800, 3300, 1.25471e+06, 270.154, 18.8861, 129.182, 9.15231;
800, 3400, 1.09814e+06, 245.595, 17.2901, 112.555, 8.42013;
800, 3500, 894701, 227.175, 15.9601, 102.322, 7.80997;
800, 3600, 810230, 204.662, 14.4971, 93.3692, 6.95576;
800, 3700, 705778, 182.149, 13.4331, 86.974, 6.3456;
800, 3800, 594341, 159.637, 12.5021, 78.0208, 5.97951;
800, 3900, 549246, 140.194, 11.7041, 65.8701, 5.43037;
800, 4000, 480781, 126.891, 11.1721, 60.1144, 4.94225;
900, 100, 6.42109e+09, 8021.74, 218.919, 4023.19, 106.106;
900, 200, 3.53131e+09, 7982.85, 218.653, 4004.64, 105.679;
900, 300, 2.10345e+09, 7922.47, 218.52, 3977.78, 105.252;
900, 400, 1.36728e+09, 7830.38, 217.456, 3930.46, 104.702;
900, 500, 9.42041e+08, 7704.51, 215.594, 3857.55, 104.275;
900, 600, 6.66452e+08, 7538.73, 212.136, 3782.73, 102.872;
900, 700, 4.83397e+08, 7315.65, 208.678, 3672.74, 101.042;
900, 800, 3.53365e+08, 6972.84, 203.624, 3521.17, 98.1738;
900, 900, 2.58304e+08, 6532.82, 194.447, 3288.39, 94.0248;
900, 1000, 1.83612e+08, 5884.04, 182.876, 2954.56, 87.6181;
900, 1100, 1.31407e+08, 5162.6, 167.714, 2585.56, 80.0522;
900, 1200, 9.588e+07, 4474.94, 154.547, 2237.02, 72.6694;
900, 1300, 7.22415e+07, 3882.44, 141.247, 1930.7, 66.6288;
900, 1400, 5.43185e+07, 3321.67, 129.011, 1648.67, 60.8324;
900, 1500, 4.15267e+07, 2854.01, 116.775, 1419.08, 54.3037;
900, 1600, 3.23523e+07, 2455.95, 104.938, 1230.43, 49.1174;
900, 1700, 2.51861e+07, 2124.39, 93.8985, 1065.43, 44.0531;
900, 1800, 1.91533e+07, 1815.35, 84.9874, 917.704, 40.4532;
900, 1900, 1.52693e+07, 1577.95, 77.1404, 798.115, 36.1211;
900, 2000, 1.21271e+07, 1345.65, 69.4264, 675.967, 32.9483;
900, 2100, 9.87583e+06, 1175.78, 63.1753, 596.028, 29.7755;
900, 2200, 8.1889e+06, 1021.26, 55.5943, 515.449, 26.7248;
900, 2300, 6.67064e+06, 906.654, 50.6733, 445.102, 23.735;
900, 2400, 5.52907e+06, 793.066, 46.0182, 400.976, 21.2944;
900, 2500, 4.61305e+06, 699.945, 42.8262, 349.175, 18.7317;
900, 2600, 3.92465e+06, 620.127, 39.5012, 310.804, 16.7792;
900, 2700, 3.31034e+06, 548.495, 36.3092, 269.875, 15.1928;
900, 2800, 2.73191e+06, 488.119, 31.7872, 234.063, 13.9725;
900, 2900, 2.32729e+06, 428.767, 28.1961, 210.4, 12.7522;
900, 3000, 1.97761e+06, 390.905, 25.6691, 183.541, 11.837;
900, 3100, 1.68136e+06, 353.042, 22.6101, 163.076, 10.9218;
900, 3200, 1.42741e+06, 306.993, 20.6151, 143.891, 10.2506;
900, 3300, 1.25471e+06, 270.154, 18.8861, 129.182, 9.15231;
900, 3400, 1.09814e+06, 245.595, 17.2901, 112.555, 8.42013;
900, 3500, 894701, 227.175, 15.9601, 102.322, 7.80997;
900, 3600, 810230, 204.662, 14.4971, 93.3692, 6.95576;
900, 3700, 705778, 182.149, 13.4331, 86.974, 6.3456;
900, 3800, 594341, 159.637, 12.5021, 78.0208, 5.97951;
900, 3900, 549246, 140.194, 11.7041, 65.8701, 5.43037;
900, 4000, 480781, 126.891, 11.1721, 60.1144, 4.94225;
1000, 100, 4.79336e+09, 6585.01, 191.92, 3303.73, 91.5231;
1000, 200, 2.72364e+09, 6554.31, 191.787, 3293.5, 91.2181;
1000, 300, 1.66412e+09, 6511.33, 191.654, 3275.6, 90.852;
1000, 400, 1.10387e+09, 6456.07, 190.989, 3244.9, 90.4249;
1000, 500, 7.70166e+08, 6367.04, 189.792, 3198.21, 90.1808;
1000, 600, 5.53436e+08, 6263.69, 187.664, 3152.81, 89.2045;
1000, 700, 4.09199e+08, 6134.75, 185.403, 3076.71, 88.2893;
1000, 800, 3.05995e+08, 5928.04, 181.679, 2976.94, 86.3368;
1000, 900, 2.29029e+08, 5693.7, 175.827, 2852.24, 84.1403;
1000, 1000, 1.70503e+08, 5323.26, 169.576, 2666.14, 80.6014;
1000, 1100, 1.25836e+08, 4799.33, 158.936, 2407.13, 75.11;
1000, 1200, 9.30553e+07, 4220.13, 148.429, 2120.63, 68.8864;
1000, 1300, 7.0602e+07, 3704.39, 136.06, 1846.92, 63.395;
1000, 1400, 5.32726e+07, 3197.85, 125.42, 1590.47, 58.3307;
1000, 1500, 4.10364e+07, 2773.17, 114.248, 1376.24, 52.4122;
1000, 1600, 3.19945e+07, 2401.71, 103.342, 1201.65, 47.7141;
1000, 1700, 2.49541e+07, 2090.62, 92.5685, 1044.33, 43.0159;
1000, 1800, 1.90072e+07, 1800, 84.1894, 904.914, 39.8431;
1000, 1900, 1.51611e+07, 1568.74, 76.4754, 791.08, 35.8161;
1000, 2000, 1.20798e+07, 1340.54, 68.8944, 670.851, 32.7043;
1000, 2100, 9.84586e+06, 1172.71, 63.0423, 590.912, 29.5315;
1000, 2200, 8.16551e+06, 1020.24, 55.4613, 512.252, 26.5417;
1000, 2300, 6.65357e+06, 905.63, 50.6733, 443.823, 23.552;
1000, 2400, 5.512e+06, 792.043, 46.0182, 399.697, 21.1724;
1000, 2500, 4.59598e+06, 699.945, 42.8262, 348.536, 18.7317;
1000, 2600, 3.90758e+06, 620.127, 39.5012, 310.804, 16.7792;
1000, 2700, 3.29327e+06, 548.495, 36.3092, 269.875, 15.1928;
1000, 2800, 2.73191e+06, 488.119, 31.7872, 234.063, 13.9725;
1000, 2900, 2.32729e+06, 428.767, 28.1961, 210.4, 12.7522;
1000, 3000, 1.97761e+06, 390.905, 25.6691, 183.541, 11.837;
1000, 3100, 1.68136e+06, 353.042, 22.6101, 163.076, 10.9218;
1000, 3200, 1.42741e+06, 306.993, 20.6151, 143.891, 10.2506;
1000, 3300, 1.25471e+06, 270.154, 18.8861, 129.182, 9.15231;
1000, 3400, 1.09814e+06, 245.595, 17.2901, 112.555, 8.42013;
1000, 3500, 894701, 227.175, 15.9601, 102.322, 7.80997;
1000, 3600, 810230, 204.662, 14.4971, 93.3692, 6.95576;
1000, 3700, 705778, 182.149, 13.4331, 86.974, 6.3456;
1000, 3800, 594341, 159.637, 12.5021, 78.0208, 5.97951;
1000, 3900, 549246, 140.194, 11.7041, 65.8701, 5.43037;
1000, 4000, 480781, 126.891, 11.1721, 60.1144, 4.94225;
1100, 100, 3.64485e+09, 5445.04, 170.773, 2726.25, 80.8454;
1100, 200, 2.13849e+09, 5424.57, 170.64, 2719.22, 80.6624;
1100, 300, 1.33158e+09, 5401.04, 170.507, 2705.79, 80.4183;
1100, 400, 8.99203e+08, 5367.27, 170.108, 2685.32, 80.2353;
1100, 500, 6.34706e+08, 5310.98, 169.044, 2653.35, 80.1132;
1100, 600, 4.62717e+08, 5241.4, 167.182, 2623.29, 79.6251;
1100, 700, 3.46433e+08, 5151.35, 165.719, 2574.05, 78.8929;
1100, 800, 2.64605e+08, 5017.29, 162.793, 2510.1, 77.5506;
1100, 900, 2.01113e+08, 4875.05, 159.468, 2430.16, 75.8422;
1100, 1000, 1.53936e+08, 4673.46, 155.212, 2323.36, 73.5846;
1100, 1100, 1.18005e+08, 4387.96, 148.828, 2189.06, 70.8389;
1100, 1200, 8.87462e+07, 3945.89, 140.582, 1983.14, 65.9577;
1100, 1300, 6.79695e+07, 3523.26, 130.208, 1748.43, 61.1985;
1100, 1400, 5.16918e+07, 3065.84, 120.632, 1518.21, 56.8054;
1100, 1500, 4.00877e+07, 2676.98, 111.056, 1325.08, 51.314;
1100, 1600, 3.14251e+07, 2334.17, 101.347, 1167.11, 46.9209;
1100, 1700, 2.47363e+07, 2044.58, 91.1055, 1025.14, 42.5277;
1100, 1800, 1.88881e+07, 1775.44, 83.2584, 892.124, 39.416;
1100, 1900, 1.50875e+07, 1552.36, 75.5444, 784.045, 35.45;
1100, 2000, 1.20543e+07, 1333.37, 68.2294, 666.375, 32.3382;
1100, 2100, 9.83928e+06, 1166.57, 62.3773, 587.075, 29.2874;
1100, 2200, 8.1592e+06, 1016.15, 55.0623, 509.694, 26.3587;
1100, 2300, 6.64725e+06, 902.56, 50.6733, 441.905, 23.4299;
1100, 2400, 5.50568e+06, 789.996, 46.0182, 398.418, 21.0503;
1100, 2500, 4.59598e+06, 699.945, 42.8262, 347.257, 18.6707;
1100, 2600, 3.90758e+06, 620.127, 39.5012, 310.165, 16.7182;
1100, 2700, 3.29327e+06, 548.495, 36.3092, 269.875, 15.1928;
1100, 2800, 2.73191e+06, 488.119, 31.7872, 234.063, 13.9725;
1100, 2900, 2.32729e+06, 428.767, 28.1961, 210.4, 12.7522;
1100, 3000, 1.97761e+06, 390.905, 25.6691, 183.541, 11.837;
1100, 3100, 1.68136e+06, 353.042, 22.6101, 163.076, 10.9218;
1100, 3200, 1.42741e+06, 306.993, 20.6151, 143.891, 10.2506;
1100, 3300, 1.25471e+06, 270.154, 18.8861, 129.182, 9.15231;
1100, 3400, 1.09814e+06, 245.595, 17.2901, 112.555, 8.42013;
1100, 3500, 894701, 227.175, 15.9601, 102.322, 7.80997;
1100, 3600, 810230, 204.662, 14.4971, 93.3692, 6.95576;
1100, 3700, 705778, 182.149, 13.4331, 86.974, 6.3456;
1100, 3800, 594341, 159.637, 12.5021, 78.0208, 5.97951;
1100, 3900, 549246, 140.194, 11.7041, 65.8701, 5.43037;
1100, 4000, 480781, 126.891, 11.1721, 60.1144, 4.94225;
1200, 100, 2.80073e+09, 4520.99, 151.089, 2281.15, 71.7541;
1200, 200, 1.6853e+09, 4500.52, 150.956, 2275.39, 71.6321;
1200, 300, 1.06767e+09, 4485.17, 150.823, 2266.44, 71.388;
1200, 400, 7.31099e+08, 4462.66, 150.424, 2251.09, 71.266;
1200, 500, 5.21002e+08, 4424.8, 149.626, 2229.99, 71.144;
1200, 600, 3.84593e+08, 4377.72, 148.296, 2209.52, 70.7779;
1200, 700, 2.90719e+08, 4317.35, 147.232, 2178.19, 70.2898;
1200, 800, 2.24662e+08, 4225.25, 145.37, 2129.59, 69.4966;
1200, 900, 1.71668e+08, 4127.01, 142.843, 2075.23, 68.3373;
1200, 1000, 1.33668e+08, 4000.12, 140.582, 2004.88, 66.9949;
1200, 1100, 1.04693e+08, 3835.37, 136.459, 1930.06, 65.3475;
1200, 1200, 8.21938e+07, 3589.78, 131.538, 1803.43, 62.4188;
1200, 1300, 6.46525e+07, 3291.99, 124.622, 1627.57, 58.3918;
1200, 1400, 4.9874e+07, 2901.09, 116.11, 1435.07, 54.6088;
1200, 1500, 3.91031e+07, 2564.42, 107.731, 1268.8, 49.7276;
1200, 1600, 3.07217e+07, 2250.26, 98.2875, 1126.19, 45.7006;
1200, 1700, 2.43056e+07, 1982.15, 88.4455, 994.446, 41.6125;
1200, 1800, 1.8601e+07, 1732.47, 81.2634, 874.857, 38.6228;
1200, 1900, 1.49146e+07, 1522.69, 73.9484, 771.255, 34.9008;
1200, 2000, 1.19593e+07, 1308.81, 66.8994, 656.782, 31.9111;
1200, 2100, 9.7761e+06, 1147.13, 61.8453, 577.482, 29.0433;
1200, 2200, 8.12129e+06, 1003.87, 54.6633, 503.298, 26.2976;
1200, 2300, 6.62198e+06, 893.351, 50.4073, 438.068, 23.3689;
1200, 2400, 5.49937e+06, 786.926, 45.7522, 397.139, 20.9893;
1200, 2500, 4.59598e+06, 698.921, 42.8262, 346.617, 18.6097;
1200, 2600, 3.90758e+06, 620.127, 39.5012, 309.525, 16.6572;
1200, 2700, 3.29327e+06, 548.495, 36.3092, 269.236, 15.1318;
1200, 2800, 2.73191e+06, 488.119, 31.7872, 233.423, 13.9115;
1200, 2900, 2.32729e+06, 428.767, 28.1961, 209.761, 12.6912;
1200, 3000, 1.97761e+06, 390.905, 25.6691, 183.541, 11.837;
1200, 3100, 1.68136e+06, 353.042, 22.6101, 163.076, 10.9218;
1200, 3200, 1.42741e+06, 306.993, 20.6151, 143.891, 10.2506;
1200, 3300, 1.25471e+06, 270.154, 18.8861, 129.182, 9.15231;
1200, 3400, 1.09814e+06, 245.595, 17.2901, 112.555, 8.42013;
1200, 3500, 894701, 227.175, 15.9601, 102.322, 7.80997;
1200, 3600, 810230, 204.662, 14.4971, 93.3692, 6.95576;
1200, 3700, 705778, 182.149, 13.4331, 86.974, 6.3456;
1200, 3800, 594341, 159.637, 12.5021, 78.0208, 5.97951;
1200, 3900, 549246, 140.194, 11.7041, 65.8701, 5.43037;
1200, 4000, 480781, 126.891, 11.1721, 60.1144, 4.94225;
1300, 100, 2.18785e+09, 3817.97, 134.863, 1894.24, 63.9442;
1300, 200, 1.3505e+09, 3804.67, 134.73, 1891.05, 63.8221;
1300, 300, 8.68243e+08, 3792.39, 134.73, 1885.29, 63.6391;
1300, 400, 6.04049e+08, 3779.09, 134.464, 1873.78, 63.5171;
1300, 500, 4.36078e+08, 3757.6, 133.932, 1861.63, 63.456;
1300, 600, 3.24574e+08, 3724.85, 132.602, 1847.56, 63.151;
1300, 700, 2.47292e+08, 3678.8, 131.804, 1825.18, 62.7849;
1300, 800, 1.92633e+08, 3614.33, 130.474, 1793.84, 62.1747;
1300, 900, 1.48578e+08, 3549.87, 128.479, 1759.95, 61.1375;
1300, 1000, 1.1772e+08, 3475.16, 127.282, 1714.54, 60.2832;
1300, 1100, 9.28606e+07, 3370.79, 124.755, 1664.66, 59.0019;
1300, 1200, 7.46596e+07, 3212.17, 121.696, 1588.56, 56.8054;
1300, 1300, 6.07113e+07, 3031.05, 117.573, 1483.67, 54.9139;
1300, 1400, 4.7907e+07, 2729.17, 110.524, 1341.7, 51.8021;
1300, 1500, 3.78082e+07, 2449.81, 103.209, 1207.4, 47.653;
1300, 1600, 2.98711e+07, 2171.47, 94.9625, 1078.22, 44.2362;
1300, 1700, 2.38444e+07, 1924.85, 86.0515, 960.552, 40.3312;
1300, 1800, 1.83069e+07, 1686.42, 79.6674, 849.276, 37.5245;
1300, 1900, 1.47399e+07, 1487.89, 72.7514, 750.791, 34.3517;
1300, 2000, 1.1834e+07, 1287.33, 66.3673, 643.992, 31.667;
1300, 2100, 9.71852e+06, 1133.83, 61.4463, 569.168, 28.7993;
1300, 2200, 8.09529e+06, 992.612, 54.5303, 498.182, 26.0536;
1300, 2300, 6.60257e+06, 887.211, 50.4073, 434.87, 23.2469;
1300, 2400, 5.49891e+06, 780.786, 45.7522, 394.581, 20.8673;
1300, 2500, 4.59578e+06, 694.828, 42.8262, 345.338, 18.5487;
1300, 2600, 3.90739e+06, 618.08, 39.5012, 308.886, 16.5962;
1300, 2700, 3.29308e+06, 546.448, 36.3092, 268.596, 15.0708;
1300, 2800, 2.73171e+06, 486.073, 31.7872, 232.783, 13.8505;
1300, 2900, 2.3271e+06, 427.744, 28.1961, 209.761, 12.6302;
1300, 3000, 1.97742e+06, 390.905, 25.6691, 183.541, 11.776;
1300, 3100, 1.68126e+06, 353.042, 22.6101, 163.076, 10.8607;
1300, 3200, 1.42741e+06, 306.993, 20.6151, 143.891, 10.1896;
1300, 3300, 1.25471e+06, 270.154, 18.8861, 129.182, 9.0913;
1300, 3400, 1.09814e+06, 245.595, 17.2901, 112.555, 8.42013;
1300, 3500, 894701, 227.175, 15.9601, 102.322, 7.80997;
1300, 3600, 810230, 204.662, 14.4971, 93.3692, 6.95576;
1300, 3700, 705778, 182.149, 13.4331, 86.974, 6.3456;
1300, 3800, 594341, 159.637, 12.5021, 78.0208, 5.97951;
1300, 3900, 549246, 140.194, 11.7041, 65.8701, 5.43037;
1300, 4000, 480781, 126.891, 11.1721, 60.1144, 4.94225;
1400, 100, 1.73344e+09, 3232.64, 121.031, 1603.26, 56.6223;
1400, 200, 1.09773e+09, 3224.45, 120.898, 1602.62, 56.5613;
1400, 300, 7.15871e+08, 3214.22, 120.898, 1598.15, 56.3782;
1400, 400, 5.05044e+08, 3206.03, 120.765, 1589.19, 56.3172;
1400, 500, 3.67963e+08, 3192.73, 120.632, 1580.24, 56.3172;
1400, 600, 2.7577e+08, 3172.26, 119.435, 1568.73, 56.1342;
1400, 700, 2.11601e+08, 3140.54, 118.903, 1554.66, 55.9511;
1400, 800, 1.65778e+08, 3095.52, 118.105, 1531.64, 55.402;
1400, 900, 1.29175e+08, 3043.33, 116.509, 1509.26, 54.6698;
1400, 1000, 1.03458e+08, 2992.16, 115.711, 1476.64, 54.1817;
1400, 1100, 8.2749e+07, 2929.74, 113.849, 1444.66, 53.1444;
1400, 1200, 6.7209e+07, 2820.25, 111.721, 1398.62, 51.619;
1400, 1300, 5.54948e+07, 2711.77, 109.194, 1328.91, 50.2157;
1400, 1400, 4.52255e+07, 2522.46, 104.273, 1241.94, 48.2632;
1400, 1500, 3.65825e+07, 2307.57, 98.8195, 1142.81, 44.9684;
1400, 1600, 2.91552e+07, 2068.11, 91.2385, 1034.1, 42.1617;
1400, 1700, 2.3324e+07, 1851.17, 82.9924, 923.46, 38.6228;
1400, 1800, 1.78798e+07, 1637.3, 77.4064, 822.416, 35.9991;
1400, 1900, 1.45056e+07, 1447.99, 71.2884, 729.047, 33.0093;
1400, 2000, 1.16731e+07, 1255.6, 65.1703, 632.48, 30.4467;
1400, 2100, 9.61248e+06, 1109.27, 60.5153, 559.576, 28.0061;
1400, 2200, 8.03096e+06, 972.146, 54.1313, 491.787, 25.6875;
1400, 2300, 6.55781e+06, 869.814, 50.1413, 431.033, 23.0638;
1400, 2400, 5.47337e+06, 766.46, 45.6192, 391.383, 20.7452;
1400, 2500, 4.57657e+06, 685.618, 42.6932, 342.78, 18.4877;
1400, 2600, 3.88843e+06, 612.963, 39.3682, 306.967, 16.5352;
1400, 2700, 3.28044e+06, 541.332, 36.1762, 266.678, 15.0098;
1400, 2800, 2.71908e+06, 483.003, 31.6542, 230.865, 13.7895;
1400, 2900, 2.32078e+06, 425.697, 28.0631, 207.842, 12.6302;
1400, 3000, 1.97742e+06, 389.882, 25.5361, 182.901, 11.776;
1400, 3100, 1.68126e+06, 353.042, 22.4771, 162.437, 10.8607;
1400, 3200, 1.42741e+06, 306.993, 20.6151, 143.251, 10.1896;
1400, 3300, 1.25471e+06, 270.154, 18.8861, 129.182, 9.0913;
1400, 3400, 1.09814e+06, 245.595, 17.2901, 112.555, 8.42013;
1400, 3500, 894701, 227.175, 15.9601, 102.322, 7.80997;
1400, 3600, 810230, 204.662, 14.4971, 93.3692, 6.95576;
1400, 3700, 705778, 182.149, 13.4331, 86.974, 6.3456;
1400, 3800, 594341, 159.637, 12.5021, 78.0208, 5.97951;
1400, 3900, 549246, 140.194, 11.7041, 65.8701, 5.43037;
1400, 4000, 480781, 126.891, 11.1721, 60.1144, 4.94225;
1500, 100, 1.39588e+09, 2760.89, 106.933, 1346.18, 50.5208;
1500, 200, 9.02517e+08, 2755.78, 106.933, 1346.18, 50.4598;
1500, 300, 5.93568e+08, 2747.59, 106.933, 1341.7, 50.3377;
1500, 400, 4.24084e+08, 2740.43, 106.8, 1335.95, 50.2767;
1500, 500, 3.13199e+08, 2730.19, 106.8, 1330.19, 50.2767;
1500, 600, 2.36442e+08, 2713.82, 105.869, 1321.24, 50.1547;
1500, 700, 1.82847e+08, 2689.26, 105.47, 1309.09, 49.9716;
1500, 800, 1.44407e+08, 2653.45, 104.805, 1293.74, 49.4835;
1500, 900, 1.13767e+08, 2615.58, 103.608, 1280.31, 48.9954;
1500, 1000, 9.14136e+07, 2579.77, 103.209, 1259.21, 48.6293;
1500, 1100, 7.3959e+07, 2534.74, 102.012, 1240.02, 47.9581;
1500, 1200, 6.07368e+07, 2457.99, 100.549, 1215.08, 46.6158;
1500, 1300, 5.06612e+07, 2383.29, 99.3515, 1169.03, 45.5785;
1500, 1400, 4.19711e+07, 2268.68, 96.0265, 1110.2, 44.3582;
1500, 1500, 3.48615e+07, 2130.53, 92.3025, 1048.17, 42.4057;
1500, 1600, 2.81389e+07, 1954.52, 86.8495, 962.47, 40.2092;
1500, 1700, 2.27021e+07, 1766.23, 79.9334, 872.938, 37.2804;
1500, 1800, 1.74824e+07, 1577.95, 74.4804, 784.685, 34.8398;
1500, 1900, 1.42697e+07, 1403.98, 68.8944, 699.629, 31.9721;
1500, 2000, 1.15053e+07, 1227.97, 63.1753, 610.737, 29.6535;
1500, 2100, 9.50021e+06, 1088.8, 58.9193, 542.309, 27.3349;
1500, 2200, 7.94796e+06, 953.726, 52.8013, 481.555, 25.0773;
1500, 2300, 6.50008e+06, 855.488, 48.9443, 423.998, 22.5757;
1500, 2400, 5.41564e+06, 755.204, 44.5552, 386.267, 20.3792;
1500, 2500, 4.52546e+06, 676.409, 41.8952, 338.943, 18.1826;
1500, 2600, 3.84996e+06, 604.777, 38.5702, 305.049, 16.3521;
1500, 2700, 3.26118e+06, 537.238, 35.5112, 265.399, 14.8267;
1500, 2800, 2.70614e+06, 479.933, 31.2552, 229.586, 13.6675;
1500, 2900, 2.31416e+06, 424.674, 27.7971, 206.563, 12.5082;
1500, 3000, 1.9711e+06, 389.882, 25.2701, 182.262, 11.6539;
1500, 3100, 1.67494e+06, 353.042, 22.4771, 161.797, 10.7997;
1500, 3200, 1.42109e+06, 306.993, 20.6151, 142.612, 10.1286;
1500, 3300, 1.24839e+06, 270.154, 18.8861, 128.543, 9.03028;
1500, 3400, 1.09182e+06, 245.595, 17.2901, 111.915, 8.42013;
1500, 3500, 894701, 227.175, 15.9601, 102.322, 7.80997;
1500, 3600, 810230, 204.662, 14.4971, 93.3692, 6.95576;
1500, 3700, 705778, 182.149, 13.4331, 86.974, 6.3456;
1500, 3800, 594341, 159.637, 12.5021, 78.0208, 5.97951;
1500, 3900, 549246, 140.194, 11.7041, 65.8701, 5.43037;
1500, 4000, 480781, 126.891, 11.1721, 60.1144, 4.94225;
1600, 100, 1.13205e+09, 2367.94, 96.1595, 1157.52, 45.7616;
1600, 200, 7.48975e+08, 2363.85, 96.1595, 1157.52, 45.7006;
1600, 300, 4.97111e+08, 2358.73, 96.1595, 1154.32, 45.5785;
1600, 400, 3.58461e+08, 2356.69, 96.0265, 1151.13, 45.5175;
1600, 500, 2.67476e+08, 2349.52, 96.0265, 1147.29, 45.5175;
1600, 600, 2.03626e+08, 2337.24, 95.2285, 1138.98, 45.3955;
1600, 700, 1.59015e+08, 2319.85, 94.8295, 1129.38, 45.2124;
1600, 800, 1.26504e+08, 2290.17, 94.2975, 1117.87, 44.7243;
1600, 900, 1.00548e+08, 2265.61, 93.1005, 1110.2, 44.2972;
1600, 1000, 8.10243e+07, 2242.07, 92.8345, 1091.65, 43.9921;
1600, 1100, 6.62055e+07, 2208.31, 91.7705, 1078.86, 43.443;
1600, 1200, 5.49547e+07, 2152.02, 90.8395, 1059.68, 42.4667;
1600, 1300, 4.61834e+07, 2099.83, 90.0415, 1025.14, 41.7345;
1600, 1400, 3.86257e+07, 2020.02, 87.9135, 979.098, 40.6973;
1600, 1500, 3.27124e+07, 1927.92, 84.7214, 941.366, 39.3549;
1600, 1600, 2.68345e+07, 1818.42, 80.8644, 885.089, 37.8296;
1600, 1700, 2.19307e+07, 1662.88, 75.5444, 816.661, 35.511;
1600, 1800, 1.71355e+07, 1503.24, 71.0224, 743.117, 33.3754;
1600, 1900, 1.40187e+07, 1343.61, 65.8353, 669.572, 30.8738;
1600, 2000, 1.13443e+07, 1184.99, 60.7813, 588.993, 28.6772;
1600, 2100, 9.36836e+06, 1054.01, 56.6583, 526.96, 26.5417;
1600, 2200, 7.85007e+06, 928.143, 51.0723, 468.765, 24.2841;
1600, 2300, 6.43469e+06, 837.068, 47.3482, 418.243, 21.9045;
1600, 2400, 5.36983e+06, 743.947, 43.3582, 382.43, 19.708;
1600, 2500, 4.49284e+06, 668.222, 40.6982, 335.745, 17.8165;
1600, 2600, 3.82393e+06, 598.637, 37.3732, 301.851, 16.0471;
1600, 2700, 3.25437e+06, 531.098, 34.5802, 262.201, 14.6437;
1600, 2800, 2.70574e+06, 474.816, 30.3242, 227.028, 13.4844;
1600, 2900, 2.31376e+06, 420.581, 26.9991, 204.005, 12.4471;
1600, 3000, 1.97097e+06, 387.835, 24.7381, 179.704, 11.6539;
1600, 3100, 1.67484e+06, 350.996, 22.0781, 160.518, 10.7997;
1600, 3200, 1.42099e+06, 305.97, 20.4821, 141.333, 10.1286;
1600, 3300, 1.2483e+06, 269.131, 18.7531, 127.903, 9.03028;
1600, 3400, 1.09173e+06, 244.571, 17.1571, 111.915, 8.42013;
1600, 3500, 894604, 227.175, 15.8271, 102.322, 7.80997;
1600, 3600, 810133, 204.662, 14.3641, 93.3692, 6.95576;
1600, 3700, 705681, 182.149, 13.4331, 86.974, 6.3456;
1600, 3800, 594244, 159.637, 12.5021, 78.0208, 5.97951;
1600, 3900, 549149, 140.194, 11.7041, 65.8701, 5.43037;
1600, 4000, 480684, 126.891, 11.1721, 60.1144, 4.94225;
1700, 100, 9.32004e+08, 2031.27, 86.0515, 1009.79, 41.5515;
1700, 200, 6.29666e+08, 2027.18, 86.0515, 1009.79, 41.5515;
1700, 300, 4.20145e+08, 2023.09, 86.0515, 1006.6, 41.4905;
1700, 400, 3.05907e+08, 2023.09, 86.0515, 1004.04, 41.4295;
1700, 500, 2.29999e+08, 2018.99, 86.0515, 1002.12, 41.4295;
1700, 600, 1.7664e+08, 2009.78, 85.3864, 996.364, 41.3685;
1700, 700, 1.39131e+08, 1996.48, 85.1204, 989.969, 41.2464;
1700, 800, 1.11213e+08, 1973.97, 84.8544, 978.458, 40.7583;
1700, 900, 8.95945e+07, 1957.59, 83.7904, 972.702, 40.3922;
1700, 1000, 7.2171e+07, 1941.22, 83.5244, 956.075, 40.1481;
1700, 1100, 5.90859e+07, 1921.78, 82.7264, 945.843, 39.721;
1700, 1200, 4.91942e+07, 1880.85, 82.0614, 931.773, 38.8668;
1700, 1300, 4.13719e+07, 1840.94, 81.3964, 906.832, 38.3787;
1700, 1400, 3.49629e+07, 1779.54, 79.6674, 872.299, 37.7685;
1700, 1500, 2.97942e+07, 1712, 77.8054, 847.997, 36.7313;
1700, 1600, 2.48302e+07, 1642.41, 75.0124, 806.428, 35.633;
1700, 1700, 2.07336e+07, 1539.06, 71.4214, 760.383, 33.9856;
1700, 1800, 1.67396e+07, 1408.08, 67.6974, 702.827, 32.2772;
1700, 1900, 1.37565e+07, 1277.09, 63.1753, 645.91, 29.9586;
1700, 2000, 1.11788e+07, 1135.88, 58.7863, 566.61, 28.1281;
1700, 2100, 9.278e+06, 1013.08, 54.9293, 509.054, 26.1146;
1700, 2200, 7.75971e+06, 891.304, 49.4763, 453.416, 23.857;
1700, 2300, 6.36375e+06, 804.322, 46.1512, 406.732, 21.6605;
1700, 2400, 5.30566e+06, 714.271, 42.2942, 374.116, 19.586;
1700, 2500, 4.46036e+06, 646.733, 39.9002, 328.711, 17.6945;
1700, 2600, 3.80448e+06, 579.194, 36.5752, 296.735, 15.986;
1700, 2700, 3.23492e+06, 517.795, 34.0482, 257.725, 14.6437;
1700, 2800, 2.69271e+06, 462.537, 29.9252, 224.47, 13.4844;
1700, 2900, 2.30731e+06, 410.348, 26.8661, 201.447, 12.4471;
1700, 3000, 1.97083e+06, 378.625, 24.6051, 178.425, 11.6539;
1700, 3100, 1.67471e+06, 341.786, 21.9451, 159.879, 10.7997;
1700, 3200, 1.42096e+06, 300.853, 20.3491, 140.693, 10.1286;
1700, 3300, 1.24826e+06, 265.038, 18.6201, 127.263, 9.03028;
1700, 3400, 1.09169e+06, 241.501, 17.0241, 111.276, 8.42013;
1700, 3500, 894568, 224.105, 15.6941, 101.683, 7.80997;
1700, 3600, 810097, 202.616, 14.3641, 92.7297, 6.95576;
1700, 3700, 705681, 180.103, 13.4331, 86.3345, 6.3456;
1700, 3800, 594244, 158.613, 12.5021, 77.3813, 5.97951;
1700, 3900, 549149, 140.194, 11.7041, 65.2305, 5.43037;
1700, 4000, 480684, 126.891, 11.1721, 59.4749, 4.94225;
1800, 100, 7.71981e+08, 1750.89, 77.6724, 863.345, 37.4025;
1800, 200, 5.30997e+08, 1746.79, 77.6724, 863.345, 37.4025;
1800, 300, 3.54308e+08, 1742.7, 77.6724, 860.148, 37.3414;
1800, 400, 2.59792e+08, 1742.7, 77.6724, 857.59, 37.2804;
1800, 500, 1.96631e+08, 1739.63, 77.6724, 856.311, 37.2804;
1800, 600, 1.51374e+08, 1731.44, 77.2734, 851.834, 37.2194;
1800, 700, 1.19314e+08, 1722.23, 77.1404, 847.357, 37.1584;
1800, 800, 9.54418e+07, 1707.91, 76.8744, 840.323, 36.8533;
1800, 900, 7.71471e+07, 1693.58, 76.0764, 834.567, 36.4872;
1800, 1000, 6.24323e+07, 1680.28, 75.8104, 823.056, 36.3042;
1800, 1100, 5.12254e+07, 1668, 75.2784, 815.382, 35.9381;
1800, 1200, 4.26924e+07, 1642.41, 74.7464, 803.87, 35.1449;
1800, 1300, 3.61564e+07, 1614.78, 74.2144, 786.604, 34.7788;
1800, 1400, 3.05806e+07, 1567.71, 72.6184, 762.941, 34.4737;
1800, 1500, 2.60724e+07, 1523.71, 71.4214, 743.756, 33.7415;
1800, 1600, 2.2058e+07, 1474.59, 69.5594, 716.257, 33.0093;
1800, 1700, 1.88813e+07, 1398.87, 67.0324, 685.56, 31.728;
1800, 1800, 1.56989e+07, 1309.84, 64.6383, 650.387, 30.5687;
1800, 1900, 1.31248e+07, 1208.53, 60.7813, 604.342, 28.7383;
1800, 2000, 1.09276e+07, 1080.62, 56.7913, 534.635, 26.9078;
1800, 2100, 9.1088e+06, 970.099, 53.2003, 480.276, 24.9553;
1800, 2200, 7.63483e+06, 860.605, 48.4123, 429.754, 22.8808;
1800, 2300, 6.25811e+06, 782.833, 45.0872, 389.465, 20.9283;
1800, 2400, 5.23198e+06, 695.852, 41.4962, 360.047, 18.9758;
1800, 2500, 4.41638e+06, 630.36, 39.2352, 317.839, 17.2674;
1800, 2600, 3.76748e+06, 565.891, 35.9102, 286.503, 15.681;
1800, 2700, 3.20434e+06, 504.492, 33.3832, 252.608, 14.3386;
1800, 2800, 2.66881e+06, 450.257, 29.5262, 221.272, 13.2403;
1800, 2900, 2.2834e+06, 402.161, 26.4671, 200.168, 12.2641;
1800, 3000, 1.96409e+06, 371.462, 24.2061, 178.425, 11.4709;
1800, 3100, 1.66826e+06, 334.623, 21.6791, 159.879, 10.6167;
1800, 3200, 1.42086e+06, 294.714, 20.2161, 140.693, 10.0065;
1800, 3300, 1.24816e+06, 260.944, 18.4871, 127.263, 8.96927;
1800, 3400, 1.09159e+06, 238.431, 16.8911, 111.276, 8.35911;
1800, 3500, 894471, 221.035, 15.5611, 101.683, 7.74896;
1800, 3600, 810000, 199.546, 14.2311, 92.7297, 6.89474;
1800, 3700, 705584, 178.056, 13.3001, 86.3345, 6.28459;
1800, 3800, 594146, 156.567, 12.3691, 77.3813, 5.97951;
1800, 3900, 549052, 138.147, 11.5711, 65.2305, 5.43037;
1800, 4000, 480587, 125.867, 11.0391, 59.4749, 4.94225;
1900, 100, 6.45113e+08, 1506.31, 69.0274, 768.697, 33.8636;
1900, 200, 4.49492e+08, 1502.22, 69.0274, 768.697, 33.8636;
1900, 300, 2.99816e+08, 1499.15, 69.0274, 766.139, 33.8025;
1900, 400, 2.21598e+08, 1499.15, 69.0274, 764.86, 33.7415;
1900, 500, 1.68583e+08, 1496.08, 69.0274, 763.581, 33.7415;
1900, 600, 1.30646e+08, 1491.99, 68.7614, 759.744, 33.6805;
1900, 700, 1.03829e+08, 1483.8, 68.6284, 755.267, 33.6805;
1900, 800, 8.38909e+07, 1472.54, 68.3624, 748.233, 33.3754;
1900, 900, 6.81813e+07, 1458.22, 67.9634, 743.117, 33.1314;
1900, 1000, 5.55445e+07, 1447.99, 67.6974, 734.163, 33.0093;
1900, 1100, 4.5855e+07, 1436.73, 67.1654, 728.408, 32.7043;
1900, 1200, 3.84173e+07, 1417.29, 66.7664, 720.094, 32.0331;
1900, 1300, 3.25431e+07, 1398.87, 66.2343, 705.385, 31.728;
1900, 1400, 2.76222e+07, 1370.21, 65.1703, 686.839, 31.484;
1900, 1500, 2.35418e+07, 1334.4, 64.2393, 672.13, 30.9958;
1900, 1600, 2.00611e+07, 1297.56, 63.0423, 648.468, 30.3247;
1900, 1700, 1.72944e+07, 1240.25, 61.3133, 628.004, 29.2874;
1900, 1800, 1.4714e+07, 1183.97, 59.5843, 601.144, 28.5552;
1900, 1900, 1.25769e+07, 1123.6, 56.9243, 571.726, 27.4569;
1900, 2000, 1.05785e+07, 1020.24, 53.8653, 514.81, 26.0536;
1900, 2100, 8.89824e+06, 923.027, 50.9393, 465.567, 24.2231;
1900, 2200, 7.47653e+06, 822.742, 46.5502, 416.324, 22.3927;
1900, 2300, 6.18633e+06, 757.25, 43.6242, 377.953, 20.4402;
1900, 2400, 5.17973e+06, 671.292, 40.0332, 349.175, 18.6707;
1900, 2500, 4.37104e+06, 610.917, 37.9052, 308.886, 17.0233;
1900, 2600, 3.72233e+06, 551.565, 34.7132, 279.468, 15.4979;
1900, 2700, 3.17815e+06, 492.213, 32.3192, 248.132, 14.1556;
1900, 2800, 2.65548e+06, 440.024, 28.8612, 218.075, 13.0573;
1900, 2900, 2.27054e+06, 394.998, 25.9351, 197.61, 12.0811;
1900, 3000, 1.95754e+06, 364.299, 23.6741, 176.506, 11.2879;
1900, 3100, 1.66813e+06, 327.46, 21.5461, 157.96, 10.4336;
1900, 3200, 1.42076e+06, 289.597, 20.0831, 139.414, 9.8845;
1900, 3300, 1.24807e+06, 255.828, 18.3541, 125.984, 8.90825;
1900, 3400, 1.09159e+06, 234.338, 16.7581, 109.997, 8.2981;
1900, 3500, 894471, 216.942, 15.4281, 100.404, 7.68794;
1900, 3600, 810000, 195.452, 14.0981, 92.0902, 6.89474;
1900, 3700, 705584, 173.963, 13.1671, 85.695, 6.28459;
1900, 3800, 594146, 152.473, 12.2361, 76.7418, 5.97951;
1900, 3900, 549052, 135.077, 11.4381, 64.591, 5.43037;
1900, 4000, 480587, 122.797, 11.0391, 59.4749, 4.94225;
2000, 100, 5.4319e+08, 1306.77, 62.5103, 667.014, 30.2026;
2000, 200, 3.84533e+08, 1302.67, 62.5103, 667.014, 30.2026;
2000, 300, 2.5545e+08, 1299.61, 62.5103, 664.456, 30.2026;
2000, 400, 1.90886e+08, 1299.61, 62.5103, 664.456, 30.1416;
2000, 500, 1.46438e+08, 1297.56, 62.5103, 664.456, 30.1416;
2000, 600, 1.14522e+08, 1293.47, 62.2443, 663.177, 30.1416;
2000, 700, 9.14609e+07, 1287.33, 62.1113, 659.34, 30.1416;
2000, 800, 7.4242e+07, 1281.19, 61.8453, 653.584, 29.8365;
2000, 900, 6.05184e+07, 1267.88, 61.5793, 649.747, 29.5925;
2000, 1000, 4.95029e+07, 1259.7, 61.3133, 642.073, 29.4704;
2000, 1100, 4.10437e+07, 1248.44, 60.7813, 637.597, 29.2264;
2000, 1200, 3.43373e+07, 1234.11, 60.5153, 630.562, 28.6162;
2000, 1300, 2.90827e+07, 1219.79, 60.2493, 617.772, 28.3112;
2000, 1400, 2.46706e+07, 1197.27, 59.1853, 601.784, 28.0671;
2000, 1500, 2.12047e+07, 1173.74, 58.6533, 592.191, 27.579;
2000, 1600, 1.80473e+07, 1144.06, 57.9883, 575.564, 27.1519;
2000, 1700, 1.56203e+07, 1101.08, 56.6583, 559.576, 26.6027;
2000, 1800, 1.35376e+07, 1060.15, 55.5943, 536.553, 26.1756;
2000, 1900, 1.17871e+07, 1016.15, 53.7323, 516.089, 25.3214;
2000, 2000, 1.00851e+07, 951.679, 51.4713, 480.276, 24.4672;
2000, 2100, 8.59132e+06, 876.978, 49.2103, 442.544, 23.0638;
2000, 2200, 7.27654e+06, 792.043, 45.2202, 402.255, 21.4164;
2000, 2300, 6.05956e+06, 732.691, 42.4272, 365.163, 19.5249;
2000, 2400, 5.07879e+06, 653.896, 38.9692, 337.024, 17.7555;
2000, 2500, 4.29405e+06, 595.567, 36.9742, 299.933, 16.2301;
2000, 2600, 3.66501e+06, 538.262, 34.0482, 271.794, 14.7657;
2000, 2700, 3.13386e+06, 480.956, 31.7872, 243.655, 13.5454;
2000, 2800, 2.61854e+06, 432.861, 28.7282, 214.877, 12.6302;
2000, 2900, 2.25099e+06, 388.858, 25.8021, 195.052, 11.6539;
2000, 3000, 1.95067e+06, 360.205, 23.5411, 175.227, 10.9218;
2000, 3100, 1.66135e+06, 323.366, 21.4131, 157.321, 10.1896;
2000, 3200, 1.41408e+06, 286.527, 19.9501, 139.414, 9.70145;
2000, 3300, 1.24139e+06, 253.781, 18.2211, 125.984, 8.78622;
2000, 3400, 1.08495e+06, 232.292, 16.6251, 109.997, 8.23708;
2000, 3500, 894180, 214.895, 15.2951, 100.404, 7.62693;
2000, 3600, 809709, 194.429, 13.9651, 92.0902, 6.83373;
2000, 3700, 705293, 173.963, 13.0341, 85.695, 6.22357;
2000, 3800, 593855, 152.473, 12.2361, 76.7418, 5.9185;
2000, 3900, 548858, 135.077, 11.4381, 64.591, 5.36936;
2000, 4000, 480490, 122.797, 11.0391, 59.4749, 4.88123;
2100, 100, 4.61656e+08, 1134.85, 57.0573, 585.796, 26.9078;
2100, 200, 3.32409e+08, 1132.81, 57.0573, 585.796, 26.9078;
2100, 300, 2.20094e+08, 1131.78, 57.0573, 583.877, 26.9078;
2100, 400, 1.65906e+08, 1131.78, 57.0573, 583.877, 26.8468;
2100, 500, 1.27734e+08, 1130.76, 57.0573, 583.877, 26.8468;
2100, 600, 1.00682e+08, 1127.69, 56.9243, 583.238, 26.8468;
2100, 700, 8.08776e+07, 1122.57, 56.7913, 580.68, 26.8468;
2100, 800, 6.57118e+07, 1119.5, 56.5253, 575.564, 26.6637;
2100, 900, 5.38961e+07, 1110.29, 56.3923, 571.726, 26.4197;
2100, 1000, 4.42631e+07, 1105.18, 56.1263, 566.61, 26.3587;
2100, 1100, 3.6708e+07, 1094.94, 55.7273, 563.413, 26.1146;
2100, 1200, 3.07933e+07, 1083.69, 55.5943, 557.018, 25.7485;
2100, 1300, 2.60663e+07, 1072.43, 55.4613, 546.785, 25.5044;
2100, 1400, 2.21367e+07, 1052.99, 54.6633, 533.995, 25.3824;
2100, 1500, 1.91013e+07, 1034.57, 54.5303, 526.321, 24.9553;
2100, 1600, 1.63991e+07, 1010.01, 53.8653, 514.17, 24.6502;
2100, 1700, 1.42044e+07, 978.285, 52.8013, 502.019, 24.2231;
2100, 1800, 1.23878e+07, 954.749, 51.8703, 487.31, 23.857;
2100, 1900, 1.08863e+07, 922.003, 50.1413, 471.962, 23.3079;
2100, 2000, 9.42857e+06, 878.001, 48.4123, 443.184, 22.8198;
2100, 2100, 8.16927e+06, 826.835, 46.5502, 415.685, 21.6605;
2100, 2200, 7.05559e+06, 748.04, 43.2252, 381.151, 20.5622;
2100, 2300, 5.92082e+06, 694.828, 40.5652, 349.815, 18.9148;
2100, 2400, 4.971e+06, 624.22, 37.6392, 324.874, 17.2063;
2100, 2500, 4.22306e+06, 568.961, 35.9102, 290.979, 15.925;
2100, 2600, 3.621e+06, 515.749, 33.5162, 264.12, 14.4607;
2100, 2700, 3.08992e+06, 462.537, 31.3882, 236.621, 13.2403;
2100, 2800, 2.59177e+06, 418.534, 28.3291, 209.761, 12.4471;
2100, 2900, 2.2309e+06, 378.625, 25.6691, 191.855, 11.4709;
2100, 3000, 1.93689e+06, 352.019, 23.4081, 172.03, 10.7387;
2100, 3100, 1.65409e+06, 316.203, 21.2801, 154.763, 10.0065;
2100, 3200, 1.40692e+06, 280.387, 19.8171, 136.856, 9.51841;
2100, 3300, 1.23432e+06, 250.711, 18.0881, 124.705, 8.66419;
2100, 3400, 1.07788e+06, 229.222, 16.4921, 108.718, 8.23708;
2100, 3500, 893598, 212.849, 15.1621, 99.7644, 7.62693;
2100, 3600, 809127, 193.406, 13.8321, 92.0902, 6.83373;
2100, 3700, 704711, 173.963, 12.9011, 85.695, 6.22357;
2100, 3800, 593467, 152.473, 12.1031, 76.7418, 5.9185;
2100, 3900, 548470, 135.077, 11.3051, 64.591, 5.36936;
2100, 4000, 480102, 122.797, 10.9061, 59.4749, 4.88123;
2200, 100, 3.95453e+08, 989.542, 51.8703, 508.414, 24.1011;
2200, 200, 2.87981e+08, 988.518, 51.8703, 508.414, 24.1011;
2200, 300, 1.8903e+08, 987.495, 51.8703, 506.496, 24.1011;
2200, 400, 1.43549e+08, 987.495, 51.8703, 506.496, 24.0401;
2200, 500, 1.11402e+08, 986.472, 51.8703, 506.496, 24.0401;
2200, 600, 8.80446e+07, 984.425, 51.8703, 505.856, 24.0401;
2200, 700, 7.11856e+07, 980.332, 51.7373, 503.298, 24.0401;
2200, 800, 5.79447e+07, 978.285, 51.6043, 499.461, 23.857;
2200, 900, 4.77352e+07, 970.099, 51.4713, 496.264, 23.613;
2200, 1000, 3.94125e+07, 964.982, 51.2053, 493.066, 23.552;
2200, 1100, 3.28426e+07, 957.819, 50.8063, 489.869, 23.4909;
2200, 1200, 2.7656e+07, 948.609, 50.6733, 486.031, 23.1859;
2200, 1300, 2.35029e+07, 939.4, 50.5403, 476.439, 22.9418;
2200, 1400, 1.99849e+07, 923.027, 49.8753, 466.206, 22.8198;
2200, 1500, 1.72877e+07, 908.7, 49.7423, 459.811, 22.5147;
2200, 1600, 1.48725e+07, 891.304, 49.0773, 450.219, 22.2706;
2200, 1700, 1.28682e+07, 865.721, 48.2793, 442.544, 21.9656;
2200, 1800, 1.12457e+07, 847.302, 47.3482, 431.033, 21.7215;
2200, 1900, 9.97385e+06, 824.789, 46.0182, 420.161, 21.2944;
2200, 2000, 8.77073e+06, 789.996, 44.5552, 401.615, 20.9283;
2200, 2100, 7.66012e+06, 753.157, 43.3582, 381.151, 20.0131;
2200, 2200, 6.78533e+06, 699.945, 41.0972, 357.489, 19.0978;
2200, 2300, 5.77664e+06, 661.059, 38.8362, 334.466, 18.0606;
2200, 2400, 4.86443e+06, 597.614, 36.5752, 314.002, 16.6572;
2200, 2500, 4.14335e+06, 546.448, 34.8462, 282.026, 15.4369;
2200, 2600, 3.55465e+06, 498.352, 32.5852, 255.806, 14.0946;
2200, 2700, 3.03058e+06, 447.187, 30.5902, 230.865, 12.9353;
2200, 2800, 2.5581e+06, 405.231, 27.6641, 205.924, 12.3251;
2200, 2900, 2.21622e+06, 365.322, 25.0041, 189.936, 11.3489;
2200, 3000, 1.92238e+06, 340.763, 22.8761, 170.751, 10.6777;
2200, 3100, 1.64005e+06, 308.017, 20.7481, 154.123, 10.0065;
2200, 3200, 1.39324e+06, 272.201, 19.4181, 136.217, 9.51841;
2200, 3300, 1.22706e+06, 245.595, 17.8221, 124.066, 8.66419;
2200, 3400, 1.07062e+06, 225.128, 16.2261, 108.718, 8.23708;
2200, 3500, 886601, 209.779, 14.8961, 99.7644, 7.62693;
2200, 3600, 802129, 192.382, 13.8321, 92.0902, 6.83373;
2200, 3700, 697714, 172.94, 12.9011, 85.695, 6.22357;
2200, 3800, 586664, 151.45, 12.1031, 76.7418, 5.9185;
2200, 3900, 541667, 135.077, 11.3051, 64.591, 5.36936;
2200, 4000, 473299, 122.797, 10.9061, 59.4749, 4.88123;
2300, 100, 3.4004e+08, 894.374, 46.9492, 447.021, 21.1724;
2300, 200, 2.50838e+08, 893.351, 46.9492, 447.021, 21.1724;
2300, 300, 1.6338e+08, 892.327, 46.9492, 445.102, 21.1724;
2300, 400, 1.24986e+08, 892.327, 46.9492, 445.102, 21.1113;
2300, 500, 9.75434e+07, 891.304, 46.9492, 445.102, 21.1113;
2300, 600, 7.7353e+07, 890.281, 46.9492, 444.463, 21.1113;
2300, 700, 6.28824e+07, 886.187, 46.8162, 441.905, 21.1113;
2300, 800, 5.14624e+07, 884.141, 46.6832, 438.068, 20.9283;
2300, 900, 4.25184e+07, 878.001, 46.5502, 434.87, 20.6842;
2300, 1000, 3.54287e+07, 873.908, 46.4172, 431.673, 20.6232;
2300, 1100, 2.97171e+07, 867.768, 46.0182, 428.475, 20.5622;
2300, 1200, 2.51582e+07, 862.651, 46.0182, 424.638, 20.3181;
2300, 1300, 2.15116e+07, 855.488, 45.8852, 416.964, 20.1961;
2300, 1400, 1.83493e+07, 841.162, 45.4862, 409.29, 20.0741;
2300, 1500, 1.5935e+07, 828.882, 45.4862, 402.894, 19.83;
2300, 1600, 1.3773e+07, 813.532, 44.9542, 395.22, 19.586;
2300, 1700, 1.20063e+07, 791.019, 44.1562, 390.104, 19.2809;
2300, 1800, 1.05177e+07, 773.623, 43.3582, 383.709, 19.0978;
2300, 1900, 9.31231e+06, 757.25, 42.1612, 376.674, 18.8538;
2300, 2000, 8.18284e+06, 732.691, 41.0972, 362.605, 18.5487;
2300, 2100, 7.20799e+06, 704.038, 40.1662, 345.978, 17.8775;
2300, 2200, 6.42567e+06, 660.036, 38.7032, 329.35, 17.4504;
2300, 2300, 5.50808e+06, 633.43, 36.7082, 315.92, 16.9013;
2300, 2400, 4.70468e+06, 581.241, 34.4472, 298.654, 15.864;
2300, 2500, 4.02308e+06, 533.145, 33.1172, 269.236, 14.6437;
2300, 2600, 3.47727e+06, 485.049, 30.9892, 246.213, 13.5454;
2300, 2700, 2.97257e+06, 436.954, 29.5262, 223.83, 12.5082;
2300, 2800, 2.53696e+06, 394.998, 26.9991, 200.168, 11.898;
2300, 2900, 2.19574e+06, 358.159, 24.4721, 184.82, 10.9218;
2300, 3000, 1.90822e+06, 334.623, 22.4771, 165.634, 10.2506;
2300, 3100, 1.62617e+06, 302.9, 20.4821, 150.286, 9.57942;
2300, 3200, 1.3796e+06, 268.107, 19.1521, 133.019, 9.0913;
2300, 3300, 1.21361e+06, 242.525, 17.5561, 120.868, 8.35911;
2300, 3400, 1.06378e+06, 222.059, 16.0931, 107.439, 7.932;
2300, 3500, 879761, 207.732, 14.7631, 98.4853, 7.32185;
2300, 3600, 795387, 190.336, 13.6991, 91.4507, 6.58967;
2300, 3700, 690972, 171.916, 12.7681, 85.695, 6.10154;
2300, 3800, 580019, 150.427, 11.9701, 76.7418, 5.79646;
2300, 3900, 535022, 135.077, 11.1721, 64.591, 5.30834;
2300, 4000, 466654, 122.797, 10.7731, 59.4749, 4.82022;
2400, 100, 2.93869e+08, 785.903, 42.0282, 399.697, 19.1588;
2400, 200, 2.19234e+08, 784.88, 42.0282, 399.697, 19.1588;
2400, 300, 1.41194e+08, 783.856, 42.0282, 397.778, 19.1588;
2400, 400, 1.08805e+08, 783.856, 42.0282, 397.778, 19.0978;
2400, 500, 8.54437e+07, 782.833, 42.0282, 397.778, 19.0978;
2400, 600, 6.83624e+07, 781.81, 42.0282, 397.778, 19.0978;
2400, 700, 5.55261e+07, 777.716, 41.8952, 395.22, 19.0978;
2400, 800, 4.56986e+07, 775.67, 41.7622, 392.023, 18.9758;
2400, 900, 3.79805e+07, 772.6, 41.6292, 389.465, 18.7927;
2400, 1000, 3.17348e+07, 768.507, 41.6292, 387.546, 18.7317;
2400, 1100, 2.67543e+07, 764.413, 41.3632, 384.349, 18.6707;
2400, 1200, 2.27239e+07, 760.32, 41.3632, 380.511, 18.4267;
2400, 1300, 1.94423e+07, 756.227, 41.2302, 373.477, 18.3046;
2400, 1400, 1.66696e+07, 741.901, 40.8312, 366.442, 18.1826;
2400, 1500, 1.448e+07, 732.691, 40.8312, 360.686, 17.9385;
2400, 1600, 1.25736e+07, 720.411, 40.4322, 353.652, 17.6945;
2400, 1700, 1.0968e+07, 700.968, 39.7672, 351.094, 17.5114;
2400, 1800, 9.67783e+06, 690.735, 39.1022, 346.617, 17.3894;
2400, 1900, 8.59032e+06, 676.409, 38.0382, 340.222, 17.2063;
2400, 2000, 7.60701e+06, 657.989, 37.3732, 332.548, 16.9623;
2400, 2100, 6.76676e+06, 634.453, 36.7082, 320.397, 16.2911;
2400, 2200, 6.03301e+06, 605.8, 35.7772, 306.967, 15.925;
2400, 2300, 5.23908e+06, 589.427, 34.3142, 298.654, 15.5589;
2400, 2400, 4.52662e+06, 555.658, 32.9842, 283.945, 14.8878;
2400, 2500, 3.94025e+06, 513.702, 32.0532, 260.283, 14.0335;
2400, 2600, 3.40958e+06, 467.653, 30.1912, 237.9, 13.3014;
2400, 2700, 2.9422e+06, 426.721, 28.7282, 217.435, 12.3251;
2400, 2800, 2.50765e+06, 386.812, 26.2011, 195.692, 11.715;
2400, 2900, 2.17994e+06, 353.042, 23.9401, 180.983, 10.7997;
2400, 3000, 1.89925e+06, 331.553, 22.0781, 162.437, 10.1896;
2400, 3100, 1.61753e+06, 299.83, 20.0831, 148.367, 9.51841;
2400, 3200, 1.37125e+06, 267.084, 18.8861, 132.38, 9.03028;
2400, 3300, 1.20579e+06, 241.501, 17.4231, 120.229, 8.2981;
2400, 3400, 1.05632e+06, 221.035, 15.9601, 106.799, 7.87099;
2400, 3500, 872306, 206.709, 14.7631, 97.8458, 7.26084;
2400, 3600, 787932, 189.313, 13.6991, 90.8111, 6.52865;
2400, 3700, 683891, 170.893, 12.7681, 85.0555, 6.04053;
2400, 3800, 579256, 149.403, 11.9701, 76.1023, 5.73545;
2400, 3900, 534356, 134.054, 11.1721, 63.9515, 5.24733;
2400, 4000, 466085, 121.774, 10.7731, 58.8354, 4.7592;
2500, 100, 2.56474e+08, 704.038, 39.3682, 353.012, 17.1453;
2500, 200, 1.93384e+08, 703.015, 39.3682, 353.012, 17.1453;
2500, 300, 1.22616e+08, 703.015, 39.3682, 351.094, 17.1453;
2500, 400, 9.54619e+07, 703.015, 39.3682, 351.094, 17.0843;
2500, 500, 7.5199e+07, 701.991, 39.3682, 351.094, 17.0843;
2500, 600, 6.03625e+07, 700.968, 39.3682, 351.094, 17.0843;
2500, 700, 4.90258e+07, 696.875, 39.2352, 348.536, 17.0843;
2500, 800, 4.06086e+07, 695.852, 39.1022, 345.338, 16.9623;
2500, 900, 3.38702e+07, 693.805, 38.9692, 342.78, 16.8403;
2500, 1000, 2.84028e+07, 689.712, 38.9692, 341.501, 16.7792;
2500, 1100, 2.39995e+07, 686.642, 38.7032, 338.303, 16.7182;
2500, 1200, 2.05091e+07, 683.572, 38.7032, 334.466, 16.4742;
2500, 1300, 1.75537e+07, 681.525, 38.5702, 328.071, 16.3521;
2500, 1400, 1.5149e+07, 668.222, 38.1712, 322.316, 16.2911;
2500, 1500, 1.31671e+07, 662.082, 38.1712, 317.839, 16.1081;
2500, 1600, 1.14261e+07, 651.849, 37.9052, 313.362, 15.864;
2500, 1700, 1.00418e+07, 636.499, 37.2402, 311.444, 15.681;
2500, 1800, 8.82598e+06, 626.266, 36.7082, 306.967, 15.5589;
2500, 1900, 7.83871e+06, 613.987, 36.0432, 302.491, 15.3759;
2500, 2000, 6.92558e+06, 597.614, 35.5112, 294.816, 15.2539;
2500, 2100, 6.20514e+06, 579.194, 34.9792, 286.503, 14.7657;
2500, 2200, 5.5604e+06, 560.774, 34.0482, 277.55, 14.5217;
2500, 2300, 4.88034e+06, 547.471, 32.7182, 273.073, 14.2776;
2500, 2400, 4.26269e+06, 517.795, 31.6542, 260.922, 13.7895;
2500, 2500, 3.7835e+06, 488.119, 31.2552, 246.213, 13.1793;
2500, 2600, 3.29848e+06, 447.187, 29.3932, 228.307, 12.6302;
2500, 2700, 2.89346e+06, 410.348, 28.1961, 209.761, 11.715;
2500, 2800, 2.48374e+06, 371.462, 25.8021, 190.575, 11.2268;
2500, 2900, 2.16282e+06, 342.809, 23.5411, 175.867, 10.3726;
2500, 3000, 1.88845e+06, 322.343, 21.8121, 158.6, 9.82348;
2500, 3100, 1.60742e+06, 290.62, 19.8171, 145.17, 9.27434;
2500, 3200, 1.36161e+06, 259.921, 18.6201, 129.822, 8.84724;
2500, 3300, 1.19706e+06, 236.385, 17.1571, 117.671, 8.11505;
2500, 3400, 1.04829e+06, 217.965, 15.8271, 104.88, 7.68794;
2500, 3500, 871097, 204.662, 14.6301, 95.9273, 7.07779;
2500, 3600, 787472, 187.266, 13.5661, 89.5321, 6.3456;
2500, 3700, 683625, 168.846, 12.6351, 83.7765, 5.85748;
2500, 3800, 578991, 148.38, 11.8371, 75.4628, 5.61342;
2500, 3900, 534188, 133.03, 11.0391, 63.312, 5.24733;
2500, 4000, 465953, 121.774, 10.6401, 58.1959, 4.7592;
2600, 100, 2.25187e+08, 621.15, 36.0432, 313.362, 15.0708;
2600, 200, 1.7199e+08, 620.127, 36.0432, 313.362, 15.0708;
2600, 300, 1.06945e+08, 620.127, 36.0432, 312.083, 15.0708;
2600, 400, 8.37427e+07, 620.127, 36.0432, 312.083, 15.0098;
2600, 500, 6.6486e+07, 619.103, 36.0432, 312.083, 15.0098;
2600, 600, 5.35672e+07, 619.103, 36.0432, 312.083, 15.0098;
2600, 700, 4.36337e+07, 616.033, 35.9102, 310.165, 15.0098;
2600, 800, 3.6265e+07, 615.01, 35.7772, 306.967, 14.8878;
2600, 900, 3.02649e+07, 612.963, 35.6442, 304.409, 14.7657;
2600, 1000, 2.53815e+07, 608.87, 35.6442, 303.77, 14.7047;
2600, 1100, 2.14582e+07, 606.823, 35.3782, 300.572, 14.6437;
2600, 1200, 1.83311e+07, 604.777, 35.3782, 296.735, 14.3996;
2600, 1300, 1.57765e+07, 602.73, 35.2452, 290.34, 14.2776;
2600, 1400, 1.36257e+07, 595.567, 34.9792, 285.863, 14.2166;
2600, 1500, 1.18315e+07, 590.45, 34.9792, 282.026, 14.0946;
2600, 1600, 1.02767e+07, 581.241, 34.7132, 278.829, 13.8505;
2600, 1700, 9.02047e+06, 569.984, 34.3142, 277.55, 13.7285;
2600, 1800, 7.92279e+06, 562.821, 33.9152, 274.991, 13.6675;
2600, 1900, 7.08969e+06, 550.541, 33.5162, 271.154, 13.5454;
2600, 2000, 6.25842e+06, 537.238, 33.1172, 264.759, 13.4234;
2600, 2100, 5.60372e+06, 522.912, 32.8512, 258.364, 13.1183;
2600, 2200, 5.00948e+06, 511.656, 32.0532, 250.05, 12.9963;
2600, 2300, 4.47105e+06, 499.376, 30.9892, 245.574, 12.8743;
2600, 2400, 3.96714e+06, 476.863, 30.3242, 237.9, 12.5692;
2600, 2500, 3.55981e+06, 456.397, 30.0582, 226.388, 12.2031;
2600, 2600, 3.15917e+06, 424.674, 28.7282, 214.238, 11.776;
2600, 2700, 2.78644e+06, 396.021, 27.5311, 199.529, 11.1048;
2600, 2800, 2.43021e+06, 360.205, 25.4031, 182.901, 10.6777;
2600, 2900, 2.11637e+06, 332.576, 23.1421, 168.832, 10.0065;
2600, 3000, 1.8601e+06, 312.11, 21.4131, 152.205, 9.51841;
2600, 3100, 1.58539e+06, 283.457, 19.5511, 139.414, 8.96927;
2600, 3200, 1.346e+06, 253.781, 18.3541, 125.345, 8.54216;
2600, 3300, 1.18803e+06, 232.292, 16.8911, 114.473, 7.80997;
2600, 3400, 1.03956e+06, 213.872, 15.5611, 101.683, 7.44388;
2600, 3500, 869170, 200.569, 14.4971, 93.3692, 6.83373;
2600, 3600, 785545, 183.173, 13.4331, 86.974, 6.16256;
2600, 3700, 681892, 165.776, 12.5021, 81.8579, 5.67443;
2600, 3800, 577827, 147.357, 11.7041, 73.5442, 5.43037;
2600, 3900, 533120, 132.007, 10.9061, 62.033, 5.06428;
2600, 4000, 465176, 121.774, 10.6401, 57.5564, 4.57616;
2700, 100, 1.99167e+08, 543.378, 32.3192, 278.829, 14.2166;
2700, 200, 1.54279e+08, 542.355, 32.3192, 278.829, 14.2166;
2700, 300, 9.39845e+07, 542.355, 32.3192, 278.189, 14.2166;
2700, 400, 7.40255e+07, 542.355, 32.3192, 278.189, 14.1556;
2700, 500, 5.91711e+07, 542.355, 32.3192, 278.189, 14.1556;
2700, 600, 4.7945e+07, 542.355, 32.3192, 278.189, 14.1556;
2700, 700, 3.91331e+07, 541.332, 32.1862, 276.91, 14.1556;
2700, 800, 3.26474e+07, 540.308, 32.0532, 274.991, 14.0335;
2700, 900, 2.73593e+07, 538.262, 32.0532, 273.073, 13.9725;
2700, 1000, 2.3028e+07, 535.192, 32.0532, 272.433, 13.9115;
2700, 1100, 1.95449e+07, 533.145, 31.9202, 269.875, 13.8505;
2700, 1200, 1.67259e+07, 531.098, 31.9202, 266.678, 13.6675;
2700, 1300, 1.44715e+07, 529.052, 31.9202, 261.562, 13.5454;
2700, 1400, 1.25952e+07, 523.935, 31.7872, 257.085, 13.4844;
2700, 1500, 1.09876e+07, 520.865, 31.7872, 255.167, 13.3624;
2700, 1600, 9.56693e+06, 512.679, 31.6542, 252.608, 13.1183;
2700, 1700, 8.40851e+06, 505.516, 31.2552, 251.329, 13.0573;
2700, 1800, 7.43558e+06, 500.399, 30.9892, 249.411, 12.9963;
2700, 1900, 6.65122e+06, 490.166, 30.7232, 246.213, 12.9353;
2700, 2000, 5.87558e+06, 479.933, 30.4572, 239.818, 12.8132;
2700, 2100, 5.27824e+06, 468.676, 30.3242, 234.063, 12.5692;
2700, 2200, 4.70333e+06, 460.49, 29.9252, 226.388, 12.5082;
2700, 2300, 4.18317e+06, 450.257, 28.9942, 223.191, 12.3861;
2700, 2400, 3.71742e+06, 435.931, 28.4621, 218.075, 12.2031;
2700, 2500, 3.35762e+06, 419.558, 28.3291, 210.4, 11.898;
2700, 2600, 3.00379e+06, 398.068, 27.2651, 200.168, 11.5319;
2700, 2700, 2.68337e+06, 377.602, 26.4671, 189.296, 10.9218;
2700, 2800, 2.36647e+06, 350.996, 24.4721, 175.867, 10.4947;
2700, 2900, 2.0782e+06, 327.46, 22.3441, 164.995, 9.8845;
2700, 3000, 1.84135e+06, 306.993, 20.8811, 149.007, 9.39637;
2700, 3100, 1.58055e+06, 280.387, 19.0191, 136.856, 8.84724;
2700, 3200, 1.34135e+06, 252.758, 17.9551, 122.787, 8.48114;
2700, 3300, 1.18391e+06, 231.268, 16.4921, 111.915, 7.80997;
2700, 3400, 1.03592e+06, 213.872, 15.1621, 99.7644, 7.44388;
2700, 3500, 865721, 200.569, 14.2311, 92.0902, 6.83373;
2700, 3600, 782290, 183.173, 13.1671, 85.695, 6.16256;
2700, 3700, 678928, 165.776, 12.2361, 81.2184, 5.67443;
2700, 3800, 575092, 147.357, 11.4381, 72.9047, 5.43037;
2700, 3900, 530519, 132.007, 10.6401, 62.033, 5.06428;
2700, 4000, 463047, 121.774, 10.3741, 57.5564, 4.57616;
2800, 100, 1.76278e+08, 498.352, 28.9942, 239.179, 12.6912;
2800, 200, 1.38296e+08, 497.329, 28.9942, 239.179, 12.6912;
2800, 300, 8.23014e+07, 497.329, 28.9942, 238.539, 12.6912;
2800, 400, 6.5115e+07, 497.329, 28.9942, 238.539, 12.6302;
2800, 500, 5.22076e+07, 497.329, 28.9942, 238.539, 12.6302;
2800, 600, 4.24374e+07, 497.329, 28.9942, 238.539, 12.6302;
2800, 700, 3.50633e+07, 496.306, 28.8612, 237.26, 12.6302;
2800, 800, 2.92736e+07, 495.283, 28.7282, 235.981, 12.5692;
2800, 900, 2.46817e+07, 493.236, 28.7282, 235.342, 12.5082;
2800, 1000, 2.08492e+07, 491.189, 28.7282, 234.702, 12.5082;
2800, 1100, 1.77322e+07, 489.143, 28.5952, 232.144, 12.5082;
2800, 1200, 1.5247e+07, 487.096, 28.5952, 229.586, 12.3861;
2800, 1300, 1.32287e+07, 485.049, 28.5952, 225.749, 12.2641;
2800, 1400, 1.16061e+07, 481.98, 28.4621, 221.912, 12.2031;
2800, 1500, 1.01933e+07, 479.933, 28.4621, 219.993, 12.1421;
2800, 1600, 8.91717e+06, 471.746, 28.3291, 218.075, 11.898;
2800, 1700, 7.87669e+06, 464.583, 27.9301, 216.796, 11.837;
2800, 1800, 7.00773e+06, 460.49, 27.7971, 215.517, 11.776;
2800, 1900, 6.28115e+06, 451.28, 27.5311, 212.319, 11.715;
2800, 2000, 5.54951e+06, 441.047, 27.2651, 207.203, 11.6539;
2800, 2100, 4.99086e+06, 430.814, 27.1321, 202.087, 11.4099;
2800, 2200, 4.45233e+06, 422.627, 26.8661, 197.61, 11.3489;
2800, 2300, 3.98342e+06, 415.464, 26.2011, 195.052, 11.2268;
2800, 2400, 3.53661e+06, 403.185, 25.9351, 191.215, 11.1048;
2800, 2500, 3.20095e+06, 389.882, 25.8021, 185.459, 10.7997;
2800, 2600, 2.88851e+06, 372.485, 24.8711, 179.704, 10.5557;
2800, 2700, 2.62011e+06, 357.136, 24.2061, 173.948, 10.2506;
2800, 2800, 2.31066e+06, 337.693, 22.8761, 163.716, 10.0065;
2800, 2900, 2.03002e+06, 319.273, 21.0141, 154.763, 9.39637;
2800, 3000, 1.82504e+06, 299.83, 19.9501, 141.333, 8.96927;
2800, 3100, 1.57119e+06, 275.271, 18.2211, 129.822, 8.54216;
2800, 3200, 1.33242e+06, 248.665, 17.2901, 117.031, 8.2981;
2800, 3300, 1.18147e+06, 229.222, 15.8271, 106.799, 7.62693;
2800, 3400, 1.03366e+06, 211.825, 14.6301, 95.2877, 7.26084;
2800, 3500, 863567, 198.522, 13.6991, 87.6136, 6.7117;
2800, 3600, 780233, 181.126, 12.7681, 81.8579, 6.10154;
2800, 3700, 677004, 163.73, 11.8371, 78.6604, 5.61342;
2800, 3800, 573362, 145.31, 11.0391, 71.6257, 5.43037;
2800, 3900, 528825, 129.961, 10.2411, 60.7539, 5.06428;
2800, 4000, 461714, 120.751, 9.97505, 56.2773, 4.57616;
2900, 100, 1.57308e+08, 457.42, 25.5361, 212.319, 11.776;
2900, 200, 1.25445e+08, 456.397, 25.5361, 212.319, 11.776;
2900, 300, 7.28949e+07, 456.397, 25.5361, 211.679, 11.776;
2900, 400, 5.79475e+07, 456.397, 25.5361, 211.679, 11.715;
2900, 500, 4.66286e+07, 456.397, 25.5361, 211.679, 11.715;
2900, 600, 3.8015e+07, 456.397, 25.5361, 211.679, 11.715;
2900, 700, 3.15327e+07, 455.373, 25.4031, 210.4, 11.715;
2900, 800, 2.64202e+07, 454.35, 25.4031, 209.121, 11.6539;
2900, 900, 2.23557e+07, 452.303, 25.4031, 208.482, 11.5929;
2900, 1000, 1.88901e+07, 451.28, 25.4031, 207.842, 11.5929;
2900, 1100, 1.61434e+07, 449.234, 25.4031, 205.924, 11.5929;
2900, 1200, 1.39265e+07, 448.21, 25.4031, 203.366, 11.4709;
2900, 1300, 1.21434e+07, 446.164, 25.4031, 200.168, 11.4099;
2900, 1400, 1.06798e+07, 444.117, 25.2701, 196.331, 11.3489;
2900, 1500, 9.41504e+06, 442.07, 25.2701, 194.413, 11.2879;
2900, 1600, 8.28789e+06, 433.884, 25.1371, 193.134, 11.2879;
2900, 1700, 7.34572e+06, 427.744, 24.8711, 191.855, 11.2268;
2900, 1800, 6.58412e+06, 424.674, 24.7381, 190.575, 11.1658;
2900, 1900, 5.91329e+06, 416.488, 24.4721, 187.378, 11.1048;
2900, 2000, 5.27308e+06, 409.324, 24.2061, 182.901, 11.0438;
2900, 2100, 4.74876e+06, 400.115, 24.0731, 179.064, 10.9828;
2900, 2200, 4.2619e+06, 393.975, 23.9401, 175.867, 10.9218;
2900, 2300, 3.83266e+06, 389.882, 23.4081, 174.588, 10.7997;
2900, 2400, 3.39379e+06, 381.695, 23.1421, 172.03, 10.6777;
2900, 2500, 3.07198e+06, 371.462, 23.0091, 167.553, 10.3726;
2900, 2600, 2.79029e+06, 357.136, 22.6101, 163.076, 10.1286;
2900, 2700, 2.54379e+06, 344.856, 22.0781, 159.239, 9.82348;
2900, 2800, 2.26597e+06, 328.483, 21.5461, 151.565, 9.64044;
2900, 2900, 1.99337e+06, 313.133, 19.8171, 144.53, 9.15231;
2900, 3000, 1.80794e+06, 294.714, 19.1521, 133.019, 8.78622;
2900, 3100, 1.55514e+06, 272.201, 17.8221, 123.426, 8.35911;
2900, 3200, 1.32295e+06, 246.618, 17.0241, 112.555, 8.11505;
2900, 3300, 1.17251e+06, 227.175, 15.5611, 103.601, 7.56591;
2900, 3400, 1.02518e+06, 209.779, 14.4971, 92.7297, 7.19982;
2900, 3500, 855081, 196.476, 13.5661, 85.695, 6.65068;
2900, 3600, 771880, 179.079, 12.6351, 80.5789, 6.04053;
2900, 3700, 668881, 161.683, 11.7041, 77.3813, 5.5524;
2900, 3800, 571593, 143.264, 10.9061, 70.3467, 5.36936;
2900, 3900, 527188, 127.914, 10.1081, 60.1144, 5.00326;
2900, 4000, 460077, 119.727, 9.84205, 55.6378, 4.51514;
3000, 100, 1.4068e+08, 415.464, 23.4081, 185.459, 10.9218;
3000, 200, 1.13565e+08, 414.441, 23.4081, 185.459, 10.9218;
3000, 300, 6.38898e+07, 414.441, 23.4081, 184.82, 10.9218;
3000, 400, 5.10234e+07, 414.441, 23.4081, 184.82, 10.8607;
3000, 500, 4.11857e+07, 414.441, 23.4081, 184.82, 10.8607;
3000, 600, 3.38304e+07, 414.441, 23.4081, 184.82, 10.8607;
3000, 700, 2.81667e+07, 413.418, 23.2751, 183.541, 10.8607;
3000, 800, 2.36754e+07, 412.394, 23.2751, 182.901, 10.7997;
3000, 900, 2.00417e+07, 410.348, 23.2751, 182.262, 10.7387;
3000, 1000, 1.70412e+07, 409.324, 23.2751, 181.622, 10.7387;
3000, 1100, 1.46323e+07, 407.278, 23.2751, 179.704, 10.7387;
3000, 1200, 1.2633e+07, 406.254, 23.2751, 177.785, 10.6167;
3000, 1300, 1.10476e+07, 404.208, 23.2751, 174.588, 10.5557;
3000, 1400, 9.75322e+06, 402.161, 23.1421, 170.751, 10.4947;
3000, 1500, 8.57974e+06, 400.115, 23.1421, 168.832, 10.4336;
3000, 1600, 7.57515e+06, 392.951, 23.0091, 167.553, 10.4336;
3000, 1700, 6.73336e+06, 386.812, 22.7431, 166.913, 10.3726;
3000, 1800, 6.06421e+06, 383.742, 22.6101, 165.634, 10.3116;
3000, 1900, 5.47246e+06, 375.555, 22.3441, 163.716, 10.2506;
3000, 2000, 4.90969e+06, 369.415, 22.0781, 159.879, 10.1896;
3000, 2100, 4.42809e+06, 363.275, 21.9451, 157.321, 10.1286;
3000, 2200, 3.97679e+06, 360.205, 21.8121, 154.763, 10.0675;
3000, 2300, 3.59038e+06, 357.136, 21.4131, 154.123, 10.0065;
3000, 2400, 3.20255e+06, 350.996, 21.1471, 153.484, 9.8845;
3000, 2500, 2.89517e+06, 341.786, 21.0141, 149.647, 9.64044;
3000, 2600, 2.63648e+06, 329.506, 20.6151, 146.449, 9.51841;
3000, 2700, 2.40536e+06, 318.25, 20.3491, 142.612, 9.33536;
3000, 2800, 2.17192e+06, 306.993, 19.8171, 136.217, 9.21333;
3000, 2900, 1.94912e+06, 295.737, 18.6201, 130.461, 8.90825;
3000, 3000, 1.77126e+06, 283.457, 18.0881, 121.508, 8.60317;
3000, 3100, 1.53206e+06, 266.061, 17.1571, 115.113, 8.2981;
3000, 3200, 1.31292e+06, 241.501, 16.3591, 104.88, 8.05404;
3000, 3300, 1.16276e+06, 222.059, 15.0291, 97.2063, 7.5049;
3000, 3400, 1.01619e+06, 205.686, 13.9651, 88.8926, 7.1388;
3000, 3500, 846230, 194.429, 13.1671, 82.4974, 6.58967;
3000, 3600, 769638, 178.056, 12.2361, 78.0208, 5.97951;
3000, 3700, 666737, 160.66, 11.3051, 75.4628, 5.49139;
3000, 3800, 569643, 143.264, 10.5071, 68.4281, 5.30834;
3000, 3900, 525335, 127.914, 9.84205, 58.8354, 4.94225;
3000, 4000, 458648, 119.727, 9.57605, 54.3588, 4.45413;
3100, 100, 1.2644e+08, 369.415, 21.6791, 164.995, 10.3726;
3100, 200, 1.03434e+08, 368.392, 21.6791, 164.995, 10.3726;
3100, 300, 5.64218e+07, 368.392, 21.6791, 164.355, 10.3726;
3100, 400, 4.52469e+07, 368.392, 21.6791, 164.355, 10.3116;
3100, 500, 3.67207e+07, 368.392, 21.6791, 164.355, 10.3116;
3100, 600, 3.03084e+07, 368.392, 21.6791, 164.355, 10.3116;
3100, 700, 2.53131e+07, 367.369, 21.5461, 163.076, 10.3116;
3100, 800, 2.13306e+07, 366.345, 21.5461, 162.437, 10.2506;
3100, 900, 1.80456e+07, 365.322, 21.5461, 161.797, 10.1896;
3100, 1000, 1.53583e+07, 364.299, 21.5461, 161.158, 10.1896;
3100, 1100, 1.32498e+07, 362.252, 21.5461, 159.239, 10.1896;
3100, 1200, 1.15015e+07, 361.229, 21.5461, 157.321, 10.1286;
3100, 1300, 1.0072e+07, 360.205, 21.5461, 154.763, 10.0675;
3100, 1400, 8.91415e+06, 358.159, 21.4131, 151.565, 10.0065;
3100, 1500, 7.8544e+06, 356.112, 21.4131, 150.926, 10.0065;
3100, 1600, 6.93221e+06, 349.972, 21.2801, 149.647, 10.0065;
3100, 1700, 6.16111e+06, 343.833, 21.1471, 149.007, 9.94551;
3100, 1800, 5.55291e+06, 340.763, 21.0141, 147.728, 9.8845;
3100, 1900, 5.0104e+06, 336.669, 20.7481, 145.809, 9.82348;
3100, 2000, 4.50193e+06, 331.553, 20.6151, 141.972, 9.76247;
3100, 2100, 4.08348e+06, 326.436, 20.4821, 140.693, 9.70145;
3100, 2200, 3.65771e+06, 325.413, 20.3491, 139.414, 9.64044;
3100, 2300, 3.31364e+06, 322.343, 19.9501, 138.775, 9.57942;
3100, 2400, 2.96629e+06, 319.273, 19.6841, 138.775, 9.45739;
3100, 2500, 2.66774e+06, 311.087, 19.5511, 135.577, 9.21333;
3100, 2600, 2.43122e+06, 302.9, 19.1521, 133.019, 9.0913;
3100, 2700, 2.21761e+06, 295.737, 19.0191, 131.101, 8.90825;
3100, 2800, 2.03501e+06, 285.504, 18.6201, 126.624, 8.78622;
3100, 2900, 1.84027e+06, 276.294, 17.5561, 122.787, 8.54216;
3100, 3000, 1.67635e+06, 267.084, 17.1571, 115.752, 8.42013;
3100, 3100, 1.46276e+06, 252.758, 16.3591, 109.997, 8.17607;
3100, 3200, 1.25694e+06, 231.268, 15.9601, 101.043, 7.932;
3100, 3300, 1.12001e+06, 212.849, 14.6301, 94.0087, 7.44388;
3100, 3400, 987105, 198.522, 13.6991, 85.695, 7.07779;
3100, 3500, 823980, 187.266, 12.9011, 80.5789, 6.52865;
3100, 3600, 747751, 172.94, 11.9701, 76.1023, 5.9185;
3100, 3700, 645176, 156.567, 11.0391, 73.5442, 5.43037;
3100, 3800, 561009, 139.17, 10.2411, 66.5096, 5.24733;
3100, 3900, 523214, 124.844, 9.57605, 56.9168, 4.88123;
3100, 4000, 456721, 117.681, 9.31005, 53.7193, 4.39311;
3200, 100, 1.14781e+08, 336.669, 19.5511, 143.891, 8.90825;
3200, 200, 9.48507e+07, 335.646, 19.5511, 143.891, 8.90825;
3200, 300, 4.99293e+07, 335.646, 19.5511, 143.251, 8.90825;
3200, 400, 4.01754e+07, 335.646, 19.5511, 143.251, 8.84724;
3200, 500, 3.27837e+07, 335.646, 19.5511, 143.251, 8.84724;
3200, 600, 2.70942e+07, 335.646, 19.5511, 143.251, 8.84724;
3200, 700, 2.26861e+07, 334.623, 19.5511, 142.612, 8.84724;
3200, 800, 1.9123e+07, 333.599, 19.5511, 142.612, 8.78622;
3200, 900, 1.62398e+07, 332.576, 19.5511, 141.972, 8.72521;
3200, 1000, 1.38683e+07, 331.553, 19.5511, 141.333, 8.72521;
3200, 1100, 1.19613e+07, 329.506, 19.5511, 139.414, 8.72521;
3200, 1200, 1.0358e+07, 328.483, 19.5511, 138.135, 8.66419;
3200, 1300, 9.06559e+06, 327.46, 19.5511, 135.577, 8.60317;
3200, 1400, 8.0169e+06, 325.413, 19.4181, 133.019, 8.60317;
3200, 1500, 7.08522e+06, 323.366, 19.4181, 132.38, 8.60317;
3200, 1600, 6.23646e+06, 318.25, 19.2851, 131.101, 8.60317;
3200, 1700, 5.56654e+06, 312.11, 19.1521, 130.461, 8.60317;
3200, 1800, 5.0234e+06, 310.063, 19.0191, 129.182, 8.54216;
3200, 1900, 4.53562e+06, 306.993, 18.7531, 127.903, 8.48114;
3200, 2000, 4.06864e+06, 301.877, 18.6201, 124.705, 8.42013;
3200, 2100, 3.69227e+06, 296.76, 18.4871, 124.066, 8.35911;
3200, 2200, 3.32003e+06, 295.737, 18.3541, 122.787, 8.2981;
3200, 2300, 2.98929e+06, 294.714, 17.9551, 122.147, 8.2981;
3200, 2400, 2.6985e+06, 292.667, 17.6891, 122.147, 8.23708;
3200, 2500, 2.42042e+06, 287.55, 17.5561, 118.95, 8.05404;
3200, 2600, 2.19689e+06, 280.387, 17.5561, 117.031, 8.05404;
3200, 2700, 2.00554e+06, 275.271, 17.4231, 115.113, 7.99302;
3200, 2800, 1.84478e+06, 266.061, 17.0241, 110.636, 7.87099;
3200, 2900, 1.66971e+06, 257.874, 16.2261, 108.078, 7.68794;
3200, 3000, 1.50692e+06, 249.688, 15.8271, 104.88, 7.56591;
3200, 3100, 1.35387e+06, 239.455, 15.1621, 101.043, 7.32185;
3200, 3200, 1.199e+06, 223.082, 14.7631, 93.3692, 7.1388;
3200, 3300, 1.07484e+06, 204.662, 13.9651, 88.8926, 6.77271;
3200, 3400, 967566, 192.382, 13.1671, 80.5789, 6.52865;
3200, 3500, 822223, 182.149, 12.5021, 77.3813, 5.97951;
3200, 3600, 746127, 168.846, 11.5711, 72.9047, 5.5524;
3200, 3700, 643684, 152.473, 10.7731, 70.3467, 5.1253;
3200, 3800, 559712, 135.077, 10.1081, 64.591, 4.94225;
3200, 3900, 522013, 120.751, 9.44305, 56.2773, 4.63717;
3200, 4000, 455617, 113.588, 9.17705, 53.0798, 4.14905;
3300, 100, 1.04607e+08, 299.83, 18.6201, 129.182, 7.87099;
3300, 200, 8.74421e+07, 298.807, 18.6201, 129.182, 7.87099;
3300, 300, 4.43958e+07, 298.807, 18.6201, 128.543, 7.87099;
3300, 400, 3.58616e+07, 298.807, 18.6201, 128.543, 7.80997;
3300, 500, 2.94474e+07, 298.807, 18.6201, 128.543, 7.80997;
3300, 600, 2.44409e+07, 298.807, 18.6201, 128.543, 7.80997;
3300, 700, 2.05177e+07, 298.807, 18.6201, 127.903, 7.80997;
3300, 800, 1.73931e+07, 297.784, 18.6201, 127.903, 7.74896;
3300, 900, 1.48175e+07, 297.784, 18.6201, 127.263, 7.68794;
3300, 1000, 1.26836e+07, 296.76, 18.6201, 126.624, 7.68794;
3300, 1100, 1.0994e+07, 294.714, 18.6201, 125.345, 7.68794;
3300, 1200, 9.54012e+06, 293.69, 18.6201, 124.066, 7.62693;
3300, 1300, 8.38227e+06, 292.667, 18.6201, 122.787, 7.62693;
3300, 1400, 7.42463e+06, 291.644, 18.4871, 120.229, 7.62693;
3300, 1500, 6.58804e+06, 290.62, 18.4871, 119.589, 7.62693;
3300, 1600, 5.85836e+06, 285.504, 18.3541, 118.31, 7.62693;
3300, 1700, 5.24849e+06, 280.387, 18.2211, 117.671, 7.62693;
3300, 1800, 4.74272e+06, 278.341, 18.0881, 117.031, 7.56591;
3300, 1900, 4.29779e+06, 275.271, 17.8221, 116.392, 7.5049;
3300, 2000, 3.85905e+06, 271.177, 17.8221, 113.194, 7.44388;
3300, 2100, 3.50379e+06, 268.107, 17.6891, 112.555, 7.44388;
3300, 2200, 3.16386e+06, 267.084, 17.5561, 111.276, 7.44388;
3300, 2300, 2.85173e+06, 266.061, 17.1571, 110.636, 7.44388;
3300, 2400, 2.58616e+06, 264.014, 17.0241, 110.636, 7.38287;
3300, 2500, 2.31808e+06, 259.921, 16.8911, 108.078, 7.19982;
3300, 2600, 2.1014e+06, 253.781, 16.8911, 106.16, 7.19982;
3300, 2700, 1.91324e+06, 249.688, 16.7581, 104.88, 7.19982;
3300, 2800, 1.76952e+06, 242.525, 16.3591, 101.043, 7.07779;
3300, 2900, 1.60401e+06, 237.408, 15.5611, 98.4853, 6.89474;
3300, 3000, 1.44875e+06, 229.222, 15.1621, 95.2877, 6.83373;
3300, 3100, 1.32298e+06, 221.035, 14.4971, 92.0902, 6.7117;
3300, 3200, 1.16879e+06, 205.686, 14.2311, 87.6136, 6.65068;
3300, 3300, 1.05152e+06, 194.429, 13.5661, 83.137, 6.46763;
3300, 3400, 951574, 186.243, 12.7681, 76.7418, 6.3456;
3300, 3500, 806871, 179.079, 12.2361, 74.8233, 5.85748;
3300, 3600, 737287, 166.8, 11.4381, 70.3467, 5.43037;
3300, 3700, 641357, 151.45, 10.6401, 67.7886, 5.00326;
3300, 3800, 557421, 134.054, 9.97505, 63.312, 4.82022;
3300, 3900, 520230, 119.727, 9.31005, 54.9983, 4.51514;
3300, 4000, 454125, 112.564, 9.04405, 51.8007, 4.02702;
3400, 100, 9.58982e+07, 260.944, 16.7581, 118.95, 7.01677;
3400, 200, 8.11175e+07, 260.944, 16.7581, 118.95, 7.01677;
3400, 300, 3.95679e+07, 260.944, 16.7581, 118.31, 7.01677;
3400, 400, 3.20966e+07, 260.944, 16.7581, 118.31, 6.95576;
3400, 500, 2.63873e+07, 260.944, 16.7581, 118.31, 6.95576;
3400, 600, 2.19875e+07, 260.944, 16.7581, 118.31, 6.95576;
3400, 700, 1.85565e+07, 260.944, 16.7581, 117.671, 6.95576;
3400, 800, 1.57629e+07, 259.921, 16.7581, 117.671, 6.89474;
3400, 900, 1.34778e+07, 259.921, 16.7581, 117.031, 6.89474;
3400, 1000, 1.15617e+07, 258.898, 16.7581, 116.392, 6.89474;
3400, 1100, 1.0054e+07, 256.851, 16.7581, 115.113, 6.89474;
3400, 1200, 8.7379e+06, 255.828, 16.7581, 113.834, 6.83373;
3400, 1300, 7.69081e+06, 254.804, 16.7581, 113.194, 6.83373;
3400, 1400, 6.80859e+06, 254.804, 16.6251, 110.636, 6.83373;
3400, 1500, 6.03721e+06, 253.781, 16.6251, 110.636, 6.83373;
3400, 1600, 5.38072e+06, 249.688, 16.4921, 109.357, 6.83373;
3400, 1700, 4.82211e+06, 247.641, 16.3591, 108.718, 6.83373;
3400, 1800, 4.35353e+06, 245.595, 16.2261, 108.078, 6.77271;
3400, 1900, 3.95036e+06, 242.525, 15.9601, 108.078, 6.77271;
3400, 2000, 3.54224e+06, 239.455, 15.9601, 105.52, 6.7117;
3400, 2100, 3.22736e+06, 237.408, 15.8271, 104.88, 6.7117;
3400, 2200, 2.93255e+06, 236.385, 15.8271, 104.241, 6.7117;
3400, 2300, 2.64816e+06, 235.362, 15.4281, 104.241, 6.7117;
3400, 2400, 2.41207e+06, 234.338, 15.4281, 104.241, 6.65068;
3400, 2500, 2.16085e+06, 231.268, 15.4281, 101.683, 6.46763;
3400, 2600, 1.95357e+06, 225.128, 15.4281, 99.7644, 6.46763;
3400, 2700, 1.77663e+06, 222.059, 15.2951, 98.4853, 6.46763;
3400, 2800, 1.64886e+06, 216.942, 14.8961, 94.6482, 6.46763;
3400, 2900, 1.49941e+06, 212.849, 14.0981, 92.0902, 6.28459;
3400, 3000, 1.3593e+06, 205.686, 13.9651, 89.5321, 6.28459;
3400, 3100, 1.24115e+06, 200.569, 13.4331, 86.974, 6.16256;
3400, 3200, 1.10047e+06, 187.266, 13.1671, 83.137, 6.10154;
3400, 3300, 1.00268e+06, 179.079, 12.7681, 79.2999, 6.04053;
3400, 3400, 920454, 174.986, 12.3691, 75.4628, 5.97951;
3400, 3500, 802185, 168.846, 11.9701, 73.5442, 5.5524;
3400, 3600, 733122, 158.613, 11.3051, 69.0676, 5.24733;
3400, 3700, 637966, 144.287, 10.5071, 66.5096, 4.88123;
3400, 3800, 554973, 127.914, 9.84205, 62.033, 4.7592;
3400, 3900, 518483, 115.634, 9.17705, 54.3588, 4.45413;
3400, 4000, 452475, 108.471, 8.91105, 51.1612, 3.966;
3500, 100, 8.82013e+07, 232.292, 15.1621, 104.88, 6.65068;
3500, 200, 7.54146e+07, 232.292, 15.1621, 104.88, 6.65068;
3500, 300, 3.52223e+07, 232.292, 15.1621, 104.88, 6.65068;
3500, 400, 2.86397e+07, 232.292, 15.1621, 104.88, 6.58967;
3500, 500, 2.36531e+07, 232.292, 15.1621, 104.88, 6.58967;
3500, 600, 1.97799e+07, 232.292, 15.1621, 104.88, 6.58967;
3500, 700, 1.6712e+07, 232.292, 15.1621, 104.241, 6.58967;
3500, 800, 1.42165e+07, 231.268, 15.1621, 104.241, 6.52865;
3500, 900, 1.22022e+07, 231.268, 15.1621, 103.601, 6.52865;
3500, 1000, 1.04677e+07, 230.245, 15.1621, 102.962, 6.52865;
3500, 1100, 9.10456e+06, 228.198, 15.1621, 101.683, 6.52865;
3500, 1200, 7.91493e+06, 227.175, 15.1621, 100.404, 6.52865;
3500, 1300, 6.97313e+06, 226.152, 15.1621, 99.7644, 6.52865;
3500, 1400, 6.15873e+06, 226.152, 15.0291, 97.2063, 6.52865;
3500, 1500, 5.47391e+06, 225.128, 15.0291, 97.2063, 6.52865;
3500, 1600, 4.87406e+06, 221.035, 15.0291, 96.5668, 6.52865;
3500, 1700, 4.37689e+06, 220.012, 14.8961, 95.9273, 6.52865;
3500, 1800, 3.94527e+06, 217.965, 14.8961, 95.2877, 6.46763;
3500, 1900, 3.57279e+06, 214.895, 14.7631, 95.2877, 6.46763;
3500, 2000, 3.20234e+06, 212.849, 14.7631, 94.0087, 6.40662;
3500, 2100, 2.90994e+06, 211.825, 14.6301, 93.3692, 6.40662;
3500, 2200, 2.63672e+06, 210.802, 14.6301, 92.7297, 6.40662;
3500, 2300, 2.38928e+06, 209.779, 14.2311, 92.7297, 6.40662;
3500, 2400, 2.20308e+06, 209.779, 14.2311, 92.7297, 6.3456;
3500, 2500, 1.9587e+06, 207.732, 14.2311, 90.8111, 6.22357;
3500, 2600, 1.78271e+06, 202.616, 14.2311, 89.5321, 6.22357;
3500, 2700, 1.60997e+06, 199.546, 14.0981, 88.2531, 6.22357;
3500, 2800, 1.48697e+06, 195.452, 13.8321, 84.416, 6.22357;
3500, 2900, 1.38225e+06, 192.382, 13.0341, 81.8579, 6.04053;
3500, 3000, 1.24425e+06, 187.266, 13.0341, 80.5789, 6.04053;
3500, 3100, 1.14026e+06, 182.149, 12.5021, 78.6604, 5.9185;
3500, 3200, 1.013e+06, 170.893, 12.3691, 75.4628, 5.9185;
3500, 3300, 935402, 164.753, 12.1031, 72.2652, 5.85748;
3500, 3400, 866597, 163.73, 11.8371, 70.9862, 5.79646;
3500, 3500, 780245, 158.613, 11.5711, 70.3467, 5.43037;
3500, 3600, 717791, 150.427, 10.9061, 65.8701, 5.1253;
3500, 3700, 629341, 137.124, 10.1081, 63.312, 4.7592;
3500, 3800, 546542, 121.774, 9.57605, 59.4749, 4.63717;
3500, 3900, 510344, 110.518, 8.91105, 53.0798, 4.33209;
3500, 4000, 450848, 103.354, 8.64505, 49.8822, 3.90499;
3600, 100, 8.16381e+07, 208.755, 14.6301, 93.3692, 6.22357;
3600, 200, 7.04874e+07, 208.755, 14.6301, 93.3692, 6.22357;
3600, 300, 3.14838e+07, 208.755, 14.6301, 93.3692, 6.22357;
3600, 400, 2.56443e+07, 208.755, 14.6301, 93.3692, 6.16256;
3600, 500, 2.12512e+07, 208.755, 14.6301, 93.3692, 6.16256;
3600, 600, 1.78236e+07, 208.755, 14.6301, 93.3692, 6.16256;
3600, 700, 1.51188e+07, 208.755, 14.6301, 93.3692, 6.16256;
3600, 800, 1.28816e+07, 207.732, 14.6301, 93.3692, 6.10154;
3600, 900, 1.10699e+07, 207.732, 14.6301, 92.7297, 6.10154;
3600, 1000, 9.51281e+06, 207.732, 14.6301, 92.0902, 6.10154;
3600, 1100, 8.29626e+06, 206.709, 14.6301, 91.4507, 6.10154;
3600, 1200, 7.20588e+06, 205.686, 14.6301, 90.1716, 6.10154;
3600, 1300, 6.3493e+06, 204.662, 14.6301, 89.5321, 6.10154;
3600, 1400, 5.62865e+06, 204.662, 14.4971, 86.974, 6.10154;
3600, 1500, 5.0317e+06, 203.639, 14.4971, 86.974, 6.10154;
3600, 1600, 4.50204e+06, 199.546, 14.4971, 86.3345, 6.10154;
3600, 1700, 4.05084e+06, 198.522, 14.3641, 86.3345, 6.10154;
3600, 1800, 3.66247e+06, 197.499, 14.3641, 85.695, 6.10154;
3600, 1900, 3.32385e+06, 195.452, 14.2311, 85.695, 6.10154;
3600, 2000, 2.98487e+06, 193.406, 14.2311, 85.0555, 6.04053;
3600, 2100, 2.71191e+06, 192.382, 14.2311, 84.416, 6.04053;
3600, 2200, 2.45412e+06, 191.359, 14.2311, 83.7765, 6.04053;
3600, 2300, 2.21918e+06, 190.336, 13.8321, 83.7765, 6.04053;
3600, 2400, 2.0442e+06, 190.336, 13.8321, 83.7765, 5.97951;
3600, 2500, 1.8113e+06, 189.313, 13.8321, 81.8579, 5.9185;
3600, 2600, 1.65148e+06, 185.219, 13.8321, 80.5789, 5.9185;
3600, 2700, 1.49052e+06, 182.149, 13.6991, 79.2999, 5.9185;
3600, 2800, 1.37271e+06, 178.056, 13.4331, 76.7418, 5.9185;
3600, 2900, 1.27823e+06, 174.986, 12.6351, 74.8233, 5.73545;
3600, 3000, 1.16073e+06, 169.87, 12.6351, 73.5442, 5.73545;
3600, 3100, 1.06447e+06, 165.776, 12.2361, 71.6257, 5.61342;
3600, 3200, 939033, 155.543, 12.1031, 69.0676, 5.61342;
3600, 3300, 879637, 150.427, 11.8371, 65.8701, 5.5524;
3600, 3400, 824796, 149.403, 11.5711, 65.2305, 5.49139;
3600, 3500, 762168, 144.287, 11.3051, 64.591, 5.1253;
3600, 3600, 700707, 138.147, 10.7731, 60.7539, 4.88123;
3600, 3700, 625282, 126.891, 9.97505, 59.4749, 4.57616;
3600, 3800, 543197, 112.564, 9.44305, 56.9168, 4.45413;
3600, 3900, 507387, 103.354, 8.77805, 52.4402, 4.21006;
3600, 4000, 448363, 97.2146, 8.51204, 49.2427, 3.90499;
3700, 100, 7.57999e+07, 183.173, 13.0341, 82.4974, 5.67443;
3700, 200, 6.60959e+07, 183.173, 13.0341, 82.4974, 5.67443;
3700, 300, 2.80865e+07, 183.173, 13.0341, 82.4974, 5.67443;
3700, 400, 2.29796e+07, 183.173, 13.0341, 82.4974, 5.61342;
3700, 500, 1.90834e+07, 183.173, 13.0341, 82.4974, 5.61342;
3700, 600, 1.60678e+07, 183.173, 13.0341, 82.4974, 5.61342;
3700, 700, 1.36739e+07, 183.173, 13.0341, 82.4974, 5.61342;
3700, 800, 1.168e+07, 182.149, 13.0341, 82.4974, 5.61342;
3700, 900, 1.00444e+07, 182.149, 13.0341, 82.4974, 5.61342;
3700, 1000, 8.64711e+06, 182.149, 13.0341, 81.8579, 5.61342;
3700, 1100, 7.53871e+06, 181.126, 13.0341, 81.2184, 5.61342;
3700, 1200, 6.56632e+06, 180.103, 13.0341, 79.9394, 5.61342;
3700, 1300, 5.78341e+06, 179.079, 13.0341, 79.2999, 5.61342;
3700, 1400, 5.12295e+06, 179.079, 12.9011, 76.7418, 5.61342;
3700, 1500, 4.57717e+06, 179.079, 12.9011, 76.7418, 5.61342;
3700, 1600, 4.11038e+06, 177.033, 12.9011, 76.1023, 5.61342;
3700, 1700, 3.69714e+06, 176.01, 12.7681, 76.1023, 5.61342;
3700, 1800, 3.33938e+06, 174.986, 12.7681, 75.4628, 5.61342;
3700, 1900, 3.03027e+06, 172.94, 12.6351, 75.4628, 5.61342;
3700, 2000, 2.72744e+06, 170.893, 12.6351, 74.8233, 5.5524;
3700, 2100, 2.49459e+06, 169.87, 12.6351, 74.1837, 5.5524;
3700, 2200, 2.25747e+06, 168.846, 12.6351, 73.5442, 5.5524;
3700, 2300, 2.05659e+06, 167.823, 12.3691, 73.5442, 5.5524;
3700, 2400, 1.89498e+06, 167.823, 12.3691, 73.5442, 5.49139;
3700, 2500, 1.69556e+06, 166.8, 12.3691, 71.6257, 5.43037;
3700, 2600, 1.54428e+06, 162.706, 12.3691, 70.3467, 5.43037;
3700, 2700, 1.42928e+06, 161.683, 12.2361, 69.0676, 5.43037;
3700, 2800, 1.31716e+06, 157.59, 11.9701, 67.1491, 5.43037;
3700, 2900, 1.22622e+06, 154.52, 11.4381, 66.5096, 5.24733;
3700, 3000, 1.11161e+06, 151.45, 11.4381, 65.8701, 5.24733;
3700, 3100, 1.01668e+06, 149.403, 11.1721, 65.2305, 5.18631;
3700, 3200, 898820, 141.217, 11.1721, 63.312, 5.18631;
3700, 3300, 840488, 137.124, 10.9061, 60.1144, 5.1253;
3700, 3400, 786435, 136.1, 10.6401, 60.1144, 5.06428;
3700, 3500, 731285, 132.007, 10.5071, 60.1144, 4.82022;
3700, 3600, 676373, 126.891, 10.2411, 58.1959, 4.57616;
3700, 3700, 607786, 121.774, 9.70905, 56.9168, 4.27108;
3700, 3800, 525800, 108.471, 9.17705, 54.3588, 4.14905;
3700, 3900, 490655, 100.284, 8.51204, 51.8007, 3.966;
3700, 4000, 438277, 94.1446, 8.37904, 48.6031, 3.66093;
3800, 100, 7.07393e+07, 169.87, 12.2361, 76.1023, 5.1253;
3800, 200, 6.23986e+07, 169.87, 12.2361, 76.1023, 5.1253;
3800, 300, 2.51953e+07, 169.87, 12.2361, 76.1023, 5.1253;
3800, 400, 2.06373e+07, 169.87, 12.2361, 76.1023, 5.06428;
3800, 500, 1.71773e+07, 169.87, 12.2361, 76.1023, 5.06428;
3800, 600, 1.44987e+07, 169.87, 12.2361, 76.1023, 5.06428;
3800, 700, 1.23671e+07, 169.87, 12.2361, 76.1023, 5.06428;
3800, 800, 1.06264e+07, 168.846, 12.2361, 76.1023, 5.06428;
3800, 900, 9.15846e+06, 168.846, 12.2361, 76.1023, 5.06428;
3800, 1000, 7.92492e+06, 168.846, 12.2361, 75.4628, 5.06428;
3800, 1100, 6.91811e+06, 167.823, 12.2361, 74.8233, 5.06428;
3800, 1200, 6.04209e+06, 166.8, 12.2361, 73.5442, 5.06428;
3800, 1300, 5.32425e+06, 165.776, 12.2361, 72.9047, 5.06428;
3800, 1400, 4.71897e+06, 165.776, 12.1031, 70.3467, 5.06428;
3800, 1500, 4.21651e+06, 165.776, 12.1031, 70.3467, 5.06428;
3800, 1600, 3.79148e+06, 163.73, 12.1031, 69.7071, 5.06428;
3800, 1700, 3.41114e+06, 162.706, 11.9701, 69.7071, 5.06428;
3800, 1800, 3.10045e+06, 161.683, 11.9701, 69.0676, 5.06428;
3800, 1900, 2.82628e+06, 159.637, 11.8371, 69.0676, 5.06428;
3800, 2000, 2.541e+06, 157.59, 11.8371, 68.4281, 5.00326;
3800, 2100, 2.32329e+06, 156.567, 11.8371, 67.7886, 5.00326;
3800, 2200, 2.10039e+06, 155.543, 11.8371, 67.1491, 5.00326;
3800, 2300, 1.91503e+06, 154.52, 11.5711, 67.1491, 5.00326;
3800, 2400, 1.7651e+06, 154.52, 11.5711, 67.1491, 4.94225;
3800, 2500, 1.57201e+06, 153.497, 11.5711, 65.8701, 4.88123;
3800, 2600, 1.43226e+06, 149.403, 11.5711, 65.2305, 4.88123;
3800, 2700, 1.33049e+06, 148.38, 11.4381, 63.9515, 4.88123;
3800, 2800, 1.23153e+06, 144.287, 11.3051, 62.033, 4.88123;
3800, 2900, 1.15326e+06, 143.264, 10.7731, 62.033, 4.7592;
3800, 3000, 1.04027e+06, 141.217, 10.7731, 61.3934, 4.7592;
3800, 3100, 946686, 139.17, 10.5071, 60.7539, 4.69819;
3800, 3200, 831029, 130.984, 10.5071, 60.1144, 4.69819;
3800, 3300, 776647, 127.914, 10.2411, 57.5564, 4.63717;
3800, 3400, 730279, 126.891, 9.97505, 57.5564, 4.63717;
3800, 3500, 682150, 123.821, 9.84205, 57.5564, 4.45413;
3800, 3600, 628216, 119.727, 9.57605, 56.9168, 4.27108;
3800, 3700, 585231, 115.634, 9.17705, 55.6378, 4.02702;
3800, 3800, 522684, 104.378, 8.91105, 53.0798, 3.90499;
3800, 3900, 487733, 97.2146, 8.37904, 51.1612, 3.78296;
3800, 4000, 435779, 93.1213, 8.24604, 47.9636, 3.47788;
3900, 100, 6.63157e+07, 150.427, 11.3051, 67.7886, 4.94225;
3900, 200, 5.90519e+07, 150.427, 11.3051, 67.7886, 4.94225;
3900, 300, 2.26539e+07, 150.427, 11.3051, 67.7886, 4.94225;
3900, 400, 1.86238e+07, 150.427, 11.3051, 67.7886, 4.88123;
3900, 500, 1.5536e+07, 150.427, 11.3051, 67.7886, 4.88123;
3900, 600, 1.31533e+07, 150.427, 11.3051, 67.7886, 4.88123;
3900, 700, 1.12624e+07, 150.427, 11.3051, 67.7886, 4.88123;
3900, 800, 9.70252e+06, 149.403, 11.3051, 67.7886, 4.88123;
3900, 900, 8.36906e+06, 149.403, 11.3051, 67.7886, 4.88123;
3900, 1000, 7.2397e+06, 149.403, 11.3051, 67.1491, 4.88123;
3900, 1100, 6.32449e+06, 149.403, 11.3051, 66.5096, 4.88123;
3900, 1200, 5.5428e+06, 148.38, 11.3051, 65.8701, 4.88123;
3900, 1300, 4.90518e+06, 147.357, 11.3051, 65.2305, 4.88123;
3900, 1400, 4.35204e+06, 147.357, 11.1721, 63.312, 4.88123;
3900, 1500, 3.89258e+06, 147.357, 11.1721, 63.312, 4.88123;
3900, 1600, 3.50493e+06, 146.333, 11.1721, 62.6725, 4.88123;
3900, 1700, 3.15242e+06, 145.31, 11.0391, 62.6725, 4.88123;
3900, 1800, 2.86742e+06, 144.287, 11.0391, 62.033, 4.88123;
3900, 1900, 2.61457e+06, 143.264, 10.9061, 62.033, 4.88123;
3900, 2000, 2.37237e+06, 141.217, 10.9061, 61.3934, 4.82022;
3900, 2100, 2.17181e+06, 140.194, 10.9061, 60.7539, 4.82022;
3900, 2200, 1.96513e+06, 139.17, 10.9061, 60.1144, 4.82022;
3900, 2300, 1.7984e+06, 139.17, 10.6401, 60.1144, 4.82022;
3900, 2400, 1.65909e+06, 139.17, 10.6401, 60.1144, 4.7592;
3900, 2500, 1.4735e+06, 138.147, 10.6401, 58.8354, 4.69819;
3900, 2600, 1.34203e+06, 134.054, 10.6401, 58.8354, 4.69819;
3900, 2700, 1.24695e+06, 133.03, 10.5071, 57.5564, 4.69819;
3900, 2800, 1.15539e+06, 129.961, 10.3741, 56.2773, 4.69819;
3900, 2900, 1.0817e+06, 128.937, 9.84205, 56.2773, 4.57616;
3900, 3000, 986709, 126.891, 9.84205, 55.6378, 4.57616;
3900, 3100, 896249, 124.844, 9.57605, 54.9983, 4.51514;
3900, 3200, 789474, 118.704, 9.57605, 54.9983, 4.51514;
3900, 3300, 737414, 115.634, 9.57605, 52.4402, 4.45413;
3900, 3400, 692956, 114.611, 9.31005, 52.4402, 4.45413;
3900, 3500, 646013, 112.564, 9.31005, 52.4402, 4.33209;
3900, 3600, 592698, 108.471, 9.04405, 51.8007, 4.14905;
3900, 3700, 550560, 104.378, 8.77805, 50.5217, 3.90499;
3900, 3800, 494622, 96.1912, 8.64505, 47.9636, 3.84397;
3900, 3900, 459963, 92.098, 8.24604, 47.3241, 3.72194;
3900, 4000, 408238, 89.0281, 8.11304, 45.4056, 3.41686;
4000, 100, 6.24093e+07, 129.961, 9.31005, 60.1144, 4.69819;
4000, 200, 5.60381e+07, 129.961, 9.31005, 60.1144, 4.69819;
4000, 300, 2.03019e+07, 129.961, 9.31005, 60.1144, 4.69819;
4000, 400, 1.67472e+07, 129.961, 9.31005, 60.1144, 4.63717;
4000, 500, 1.39812e+07, 129.961, 9.31005, 60.1144, 4.63717;
4000, 600, 1.18375e+07, 129.961, 9.31005, 60.1144, 4.63717;
4000, 700, 1.01555e+07, 129.961, 9.31005, 60.1144, 4.63717;
4000, 800, 8.76744e+06, 128.937, 9.31005, 60.1144, 4.63717;
4000, 900, 7.59814e+06, 128.937, 9.31005, 60.1144, 4.63717;
4000, 1000, 6.6045e+06, 128.937, 9.31005, 60.1144, 4.63717;
4000, 1100, 5.78759e+06, 128.937, 9.31005, 60.1144, 4.63717;
4000, 1200, 5.06693e+06, 127.914, 9.31005, 59.4749, 4.63717;
4000, 1300, 4.4887e+06, 126.891, 9.31005, 58.8354, 4.63717;
4000, 1400, 3.9796e+06, 126.891, 9.17705, 57.5564, 4.63717;
4000, 1500, 3.57539e+06, 126.891, 9.17705, 57.5564, 4.63717;
4000, 1600, 3.21835e+06, 125.867, 9.17705, 57.5564, 4.63717;
4000, 1700, 2.90927e+06, 125.867, 9.04405, 57.5564, 4.63717;
4000, 1800, 2.64559e+06, 124.844, 9.04405, 56.9168, 4.63717;
4000, 1900, 2.40967e+06, 123.821, 8.91105, 56.9168, 4.63717;
4000, 2000, 2.18692e+06, 122.797, 8.91105, 56.2773, 4.57616;
4000, 2100, 2.00145e+06, 122.797, 8.91105, 56.2773, 4.57616;
4000, 2200, 1.81486e+06, 121.774, 8.91105, 55.6378, 4.57616;
4000, 2300, 1.66116e+06, 121.774, 8.77805, 55.6378, 4.57616;
4000, 2400, 1.5321e+06, 121.774, 8.77805, 55.6378, 4.51514;
4000, 2500, 1.35776e+06, 120.751, 8.77805, 54.9983, 4.45413;
4000, 2600, 1.23544e+06, 116.657, 8.77805, 54.9983, 4.45413;
4000, 2700, 1.14599e+06, 116.657, 8.64505, 53.7193, 4.45413;
4000, 2800, 1.06249e+06, 115.634, 8.51204, 53.0798, 4.45413;
4000, 2900, 993824, 114.611, 8.11304, 53.0798, 4.33209;
4000, 3000, 921637, 113.588, 8.11304, 52.4402, 4.33209;
4000, 3100, 835098, 111.541, 7.98004, 51.8007, 4.27108;
4000, 3200, 732492, 106.424, 7.98004, 51.8007, 4.27108;
4000, 3300, 688167, 104.378, 7.98004, 49.8822, 4.21006;
4000, 3400, 645474, 103.354, 7.84704, 49.8822, 4.21006;
4000, 3500, 600094, 102.331, 7.84704, 49.8822, 4.08803;
4000, 3600, 566630, 99.2612, 7.58104, 49.2427, 3.966;
4000, 3700, 524590, 98.2379, 7.58104, 48.6031, 3.72194;
4000, 3800, 469742, 91.0747, 7.44804, 46.0451, 3.66093;
4000, 3900, 436110, 86.9814, 7.18204, 45.4056, 3.53889;
4000, 4000, 391406, 84.9348, 7.04904, 44.1265, 3.35585;
