// x, y, n_BG, n_sig0, n_sig1, n_sig2, n_sig3 
100, 100, 6.72195e+11, 61091.5, 901.612, 30641.1, 420.64;
100, 200, 1.29979e+11, 50384.3, 772.734, 25220.9, 362.798;
100, 300, 3.59375e+10, 39745.7, 657.688, 20012.4, 309.104;
100, 400, 1.35458e+10, 31210.8, 568.711, 15671.6, 267.126;
100, 500, 6.19578e+09, 24717.4, 496.625, 12430.8, 235.52;
100, 600, 3.22007e+09, 19706.6, 430.789, 9975.81, 205.622;
100, 700, 1.80645e+09, 15883.7, 375.461, 8013.26, 179.019;
100, 800, 1.09964e+09, 12850.9, 327.182, 6502.18, 159.738;
100, 900, 7.07812e+08, 10555.7, 286.617, 5290.38, 140.702;
100, 1000, 4.6241e+08, 8738.46, 254.031, 4377.21, 124.288;
100, 1100, 3.1755e+08, 7231.23, 224.638, 3604.72, 109.889;
100, 1200, 2.27764e+08, 6017.67, 203.624, 3000.42, 97.2586;
100, 1300, 1.59041e+08, 5060.94, 184.206, 2516.33, 87.3741;
100, 1400, 1.17678e+08, 4246.44, 166.118, 2112.19, 79.137;
100, 1500, 8.93605e+07, 3599.76, 150.158, 1797.56, 69.9847;
100, 1600, 6.90065e+07, 3078.93, 133.932, 1543.05, 63.5781;
100, 1700, 5.27791e+07, 2661.45, 119.435, 1322.43, 56.6833;
100, 1800, 4.09243e+07, 2285.92, 107.066, 1142.1, 51.9851;
100, 1900, 3.26154e+07, 1986.11, 96.4255, 988.629, 46.3107;
100, 2000, 2.55165e+07, 1702.67, 86.9825, 847.944, 41.9176;
100, 2100, 2.04233e+07, 1482.67, 79.8004, 740.512, 37.8296;
100, 2200, 1.66208e+07, 1286.21, 71.2884, 646.509, 34.5347;
100, 2300, 1.3729e+07, 1137.84, 64.9043, 550.588, 30.9348;
100, 2400, 1.11263e+07, 1001.75, 59.5843, 498.791, 27.701;
100, 2500, 9.2521e+06, 883.056, 55.7273, 441.238, 24.5892;
100, 2600, 7.82991e+06, 780.732, 50.9393, 391.359, 21.9656;
100, 2700, 6.5436e+06, 689.663, 46.5502, 340.84, 20.0131;
100, 2800, 5.49095e+06, 613.944, 41.4962, 296.716, 18.5487;
100, 2900, 4.61806e+06, 540.27, 37.2402, 264.103, 17.0233;
100, 3000, 3.98148e+06, 499.341, 33.7822, 235.966, 15.925;
100, 3100, 3.43418e+06, 450.225, 30.4572, 209.108, 14.8267;
100, 3200, 2.98629e+06, 392.924, 27.5311, 186.087, 13.8505;
100, 3300, 2.64829e+06, 349.948, 25.0041, 166.903, 12.3861;
100, 3400, 2.32458e+06, 316.181, 22.8761, 147.079, 11.4099;
100, 3500, 1.9791e+06, 287.53, 20.8811, 133.65, 10.4336;
100, 3600, 1.69559e+06, 261.949, 19.2851, 122.14, 9.39637;
100, 3700, 1.46916e+06, 236.368, 17.9551, 113.827, 8.66419;
100, 3800, 1.27717e+06, 206.694, 16.6251, 103.595, 8.2981;
100, 3900, 1.08949e+06, 181.113, 15.4281, 88.887, 7.56591;
100, 4000, 956617, 166.788, 14.7631, 81.2133, 7.07779;
200, 100, 3.2284e+11, 47637.9, 720.997, 24012.3, 340.527;
200, 200, 1.03364e+11, 45398.1, 698.653, 22866.4, 330.337;
200, 300, 3.4106e+10, 38563.8, 638.27, 19443.2, 301.416;
200, 400, 1.34139e+10, 30937.6, 563.79, 15562.3, 265.722;
200, 500, 6.1866e+09, 24665.2, 495.96, 12409.7, 235.275;
200, 600, 3.21881e+09, 19701.5, 430.257, 9972.61, 205.622;
200, 700, 1.8062e+09, 15882.7, 375.328, 8013.26, 179.019;
200, 800, 1.09964e+09, 12850.9, 327.182, 6502.18, 159.738;
200, 900, 7.07812e+08, 10555.7, 286.617, 5290.38, 140.702;
200, 1000, 4.6241e+08, 8738.46, 254.031, 4377.21, 124.288;
200, 1100, 3.1755e+08, 7231.23, 224.638, 3604.72, 109.889;
200, 1200, 2.27764e+08, 6017.67, 203.624, 3000.42, 97.2586;
200, 1300, 1.59041e+08, 5060.94, 184.206, 2516.33, 87.3741;
200, 1400, 1.17678e+08, 4246.44, 166.118, 2112.19, 79.137;
200, 1500, 8.93605e+07, 3599.76, 150.158, 1797.56, 69.9847;
200, 1600, 6.90065e+07, 3078.93, 133.932, 1543.05, 63.5781;
200, 1700, 5.27791e+07, 2661.45, 119.435, 1322.43, 56.6833;
200, 1800, 4.09243e+07, 2285.92, 107.066, 1142.1, 51.9851;
200, 1900, 3.26154e+07, 1986.11, 96.4255, 988.629, 46.3107;
200, 2000, 2.55165e+07, 1702.67, 86.9825, 847.944, 41.9176;
200, 2100, 2.04233e+07, 1482.67, 79.8004, 740.512, 37.8296;
200, 2200, 1.66208e+07, 1286.21, 71.2884, 646.509, 34.5347;
200, 2300, 1.3729e+07, 1137.84, 64.9043, 550.588, 30.9348;
200, 2400, 1.11263e+07, 1001.75, 59.5843, 498.791, 27.701;
200, 2500, 9.2521e+06, 883.056, 55.7273, 441.238, 24.5892;
200, 2600, 7.82991e+06, 780.732, 50.9393, 391.359, 21.9656;
200, 2700, 6.5436e+06, 689.663, 46.5502, 340.84, 20.0131;
200, 2800, 5.49095e+06, 613.944, 41.4962, 296.716, 18.5487;
200, 2900, 4.61806e+06, 540.27, 37.2402, 264.103, 17.0233;
200, 3000, 3.98148e+06, 499.341, 33.7822, 235.966, 15.925;
200, 3100, 3.43418e+06, 450.225, 30.4572, 209.108, 14.8267;
200, 3200, 2.98629e+06, 392.924, 27.5311, 186.087, 13.8505;
200, 3300, 2.64829e+06, 349.948, 25.0041, 166.903, 12.3861;
200, 3400, 2.32458e+06, 316.181, 22.8761, 147.079, 11.4099;
200, 3500, 1.9791e+06, 287.53, 20.8811, 133.65, 10.4336;
200, 3600, 1.69559e+06, 261.949, 19.2851, 122.14, 9.39637;
200, 3700, 1.46916e+06, 236.368, 17.9551, 113.827, 8.66419;
200, 3800, 1.27717e+06, 206.694, 16.6251, 103.595, 8.2981;
200, 3900, 1.08949e+06, 181.113, 15.4281, 88.887, 7.56591;
200, 4000, 956617, 166.788, 14.7631, 81.2133, 7.07779;
300, 100, 1.63672e+11, 36916.4, 612.734, 18561.4, 291.41;
300, 200, 6.53484e+10, 36108.1, 606.35, 18141.9, 287.871;
300, 300, 2.86507e+10, 33932.7, 588.794, 17031.8, 280.061;
300, 400, 1.25617e+10, 29139.8, 542.377, 14609.4, 257.119;
300, 500, 6.03756e+09, 23971.4, 488.379, 12054.1, 231.798;
300, 600, 3.19243e+09, 19458.9, 428.129, 9851.11, 204.768;
300, 700, 1.80049e+09, 15801.9, 374.264, 7971.06, 178.958;
300, 800, 1.09815e+09, 12828.4, 327.049, 6490.03, 159.738;
300, 900, 7.07646e+08, 10552.7, 286.617, 5289.1, 140.702;
300, 1000, 4.62348e+08, 8737.44, 254.031, 4376.57, 124.288;
300, 1100, 3.1755e+08, 7231.23, 224.638, 3604.72, 109.889;
300, 1200, 2.27764e+08, 6017.67, 203.624, 3000.42, 97.2586;
300, 1300, 1.59041e+08, 5060.94, 184.206, 2516.33, 87.3741;
300, 1400, 1.17678e+08, 4246.44, 166.118, 2112.19, 79.137;
300, 1500, 8.93605e+07, 3599.76, 150.158, 1797.56, 69.9847;
300, 1600, 6.90065e+07, 3078.93, 133.932, 1543.05, 63.5781;
300, 1700, 5.27791e+07, 2661.45, 119.435, 1322.43, 56.6833;
300, 1800, 4.09243e+07, 2285.92, 107.066, 1142.1, 51.9851;
300, 1900, 3.26154e+07, 1986.11, 96.4255, 988.629, 46.3107;
300, 2000, 2.55165e+07, 1702.67, 86.9825, 847.944, 41.9176;
300, 2100, 2.04233e+07, 1482.67, 79.8004, 740.512, 37.8296;
300, 2200, 1.66208e+07, 1286.21, 71.2884, 646.509, 34.5347;
300, 2300, 1.3729e+07, 1137.84, 64.9043, 550.588, 30.9348;
300, 2400, 1.11263e+07, 1001.75, 59.5843, 498.791, 27.701;
300, 2500, 9.2521e+06, 883.056, 55.7273, 441.238, 24.5892;
300, 2600, 7.82991e+06, 780.732, 50.9393, 391.359, 21.9656;
300, 2700, 6.5436e+06, 689.663, 46.5502, 340.84, 20.0131;
300, 2800, 5.49095e+06, 613.944, 41.4962, 296.716, 18.5487;
300, 2900, 4.61806e+06, 540.27, 37.2402, 264.103, 17.0233;
300, 3000, 3.98148e+06, 499.341, 33.7822, 235.966, 15.925;
300, 3100, 3.43418e+06, 450.225, 30.4572, 209.108, 14.8267;
300, 3200, 2.98629e+06, 392.924, 27.5311, 186.087, 13.8505;
300, 3300, 2.64829e+06, 349.948, 25.0041, 166.903, 12.3861;
300, 3400, 2.32458e+06, 316.181, 22.8761, 147.079, 11.4099;
300, 3500, 1.9791e+06, 287.53, 20.8811, 133.65, 10.4336;
300, 3600, 1.69559e+06, 261.949, 19.2851, 122.14, 9.39637;
300, 3700, 1.46916e+06, 236.368, 17.9551, 113.827, 8.66419;
300, 3800, 1.27717e+06, 206.694, 16.6251, 103.595, 8.2981;
300, 3900, 1.08949e+06, 181.113, 15.4281, 88.887, 7.56591;
300, 4000, 956617, 166.788, 14.7631, 81.2133, 7.07779;
400, 100, 9.67512e+10, 28489, 535.195, 14269.2, 252.421;
400, 200, 4.30648e+10, 28078.7, 531.87, 14053.7, 250.651;
400, 300, 2.14633e+10, 27212, 524.289, 13638.1, 247.723;
400, 400, 1.10192e+10, 25479.7, 508.196, 12772.2, 239.18;
400, 500, 5.68578e+09, 22170.5, 470.157, 11157.6, 222.889;
400, 600, 3.09588e+09, 18555.4, 419.218, 9410.52, 200.497;
400, 700, 1.77217e+09, 15417.1, 370.008, 7786.25, 177.189;
400, 800, 1.09227e+09, 12690.2, 325.453, 6404.98, 159.006;
400, 900, 7.06512e+08, 10487.2, 285.819, 5262.24, 140.519;
400, 1000, 4.61937e+08, 8709.81, 253.765, 4361.86, 124.288;
400, 1100, 3.17509e+08, 7221, 224.505, 3601.52, 109.889;
400, 1200, 2.27764e+08, 6014.6, 203.624, 2999.14, 97.2586;
400, 1300, 1.59041e+08, 5058.9, 184.206, 2516.33, 87.3741;
400, 1400, 1.17678e+08, 4246.44, 166.118, 2112.19, 79.137;
400, 1500, 8.93605e+07, 3599.76, 150.158, 1797.56, 69.9847;
400, 1600, 6.90065e+07, 3078.93, 133.932, 1543.05, 63.5781;
400, 1700, 5.27791e+07, 2661.45, 119.435, 1322.43, 56.6833;
400, 1800, 4.09243e+07, 2285.92, 107.066, 1142.1, 51.9851;
400, 1900, 3.26154e+07, 1986.11, 96.4255, 988.629, 46.3107;
400, 2000, 2.55165e+07, 1702.67, 86.9825, 847.944, 41.9176;
400, 2100, 2.04233e+07, 1482.67, 79.8004, 740.512, 37.8296;
400, 2200, 1.66208e+07, 1286.21, 71.2884, 646.509, 34.5347;
400, 2300, 1.3729e+07, 1137.84, 64.9043, 550.588, 30.9348;
400, 2400, 1.11263e+07, 1001.75, 59.5843, 498.791, 27.701;
400, 2500, 9.2521e+06, 883.056, 55.7273, 441.238, 24.5892;
400, 2600, 7.82991e+06, 780.732, 50.9393, 391.359, 21.9656;
400, 2700, 6.5436e+06, 689.663, 46.5502, 340.84, 20.0131;
400, 2800, 5.49095e+06, 613.944, 41.4962, 296.716, 18.5487;
400, 2900, 4.61806e+06, 540.27, 37.2402, 264.103, 17.0233;
400, 3000, 3.98148e+06, 499.341, 33.7822, 235.966, 15.925;
400, 3100, 3.43418e+06, 450.225, 30.4572, 209.108, 14.8267;
400, 3200, 2.98629e+06, 392.924, 27.5311, 186.087, 13.8505;
400, 3300, 2.64829e+06, 349.948, 25.0041, 166.903, 12.3861;
400, 3400, 2.32458e+06, 316.181, 22.8761, 147.079, 11.4099;
400, 3500, 1.9791e+06, 287.53, 20.8811, 133.65, 10.4336;
400, 3600, 1.69559e+06, 261.949, 19.2851, 122.14, 9.39637;
400, 3700, 1.46916e+06, 236.368, 17.9551, 113.827, 8.66419;
400, 3800, 1.27717e+06, 206.694, 16.6251, 103.595, 8.2981;
400, 3900, 1.08949e+06, 181.113, 15.4281, 88.887, 7.56591;
400, 4000, 956617, 166.788, 14.7631, 81.2133, 7.07779;
500, 100, 6.15633e+10, 22305.6, 468.428, 11187.6, 223.133;
500, 200, 2.95836e+10, 22065.1, 466.3, 11061, 221.913;
500, 300, 1.58319e+10, 21609.8, 460.847, 10852.5, 219.717;
500, 400, 8.89601e+09, 20812.7, 453.133, 10476.5, 214.774;
500, 500, 5.12415e+09, 19435.4, 436.109, 9826.17, 208.246;
500, 600, 2.92195e+09, 17050.2, 398.47, 8668.72, 191.71;
500, 700, 1.72045e+09, 14558.7, 357.24, 7388.5, 172.308;
500, 800, 1.07501e+09, 12248.2, 318.271, 6196.51, 156.199;
500, 900, 7.00092e+08, 10266.2, 281.163, 5163.12, 139.115;
500, 1000, 4.60032e+08, 8599.3, 251.637, 4315.82, 123.678;
500, 1100, 3.16999e+08, 7167.79, 223.441, 3582.34, 109.462;
500, 1200, 2.27594e+08, 5992.09, 202.693, 2991.46, 96.9535;
500, 1300, 1.59041e+08, 5046.62, 183.807, 2513.14, 87.191;
500, 1400, 1.17678e+08, 4241.33, 166.118, 2108.99, 79.137;
500, 1500, 8.93605e+07, 3595.66, 150.158, 1795.65, 69.9847;
500, 1600, 6.90065e+07, 3078.93, 133.932, 1541.77, 63.5781;
500, 1700, 5.27791e+07, 2661.45, 119.435, 1321.8, 56.6833;
500, 1800, 4.09243e+07, 2285.92, 107.066, 1142.1, 51.9851;
500, 1900, 3.26154e+07, 1986.11, 96.4255, 988.629, 46.3107;
500, 2000, 2.55165e+07, 1702.67, 86.9825, 847.944, 41.9176;
500, 2100, 2.04233e+07, 1482.67, 79.8004, 740.512, 37.8296;
500, 2200, 1.66208e+07, 1286.21, 71.2884, 646.509, 34.5347;
500, 2300, 1.3729e+07, 1137.84, 64.9043, 550.588, 30.9348;
500, 2400, 1.11263e+07, 1001.75, 59.5843, 498.791, 27.701;
500, 2500, 9.2521e+06, 883.056, 55.7273, 441.238, 24.5892;
500, 2600, 7.82991e+06, 780.732, 50.9393, 391.359, 21.9656;
500, 2700, 6.5436e+06, 689.663, 46.5502, 340.84, 20.0131;
500, 2800, 5.49095e+06, 613.944, 41.4962, 296.716, 18.5487;
500, 2900, 4.61806e+06, 540.27, 37.2402, 264.103, 17.0233;
500, 3000, 3.98148e+06, 499.341, 33.7822, 235.966, 15.925;
500, 3100, 3.43418e+06, 450.225, 30.4572, 209.108, 14.8267;
500, 3200, 2.98629e+06, 392.924, 27.5311, 186.087, 13.8505;
500, 3300, 2.64829e+06, 349.948, 25.0041, 166.903, 12.3861;
500, 3400, 2.32458e+06, 316.181, 22.8761, 147.079, 11.4099;
500, 3500, 1.9791e+06, 287.53, 20.8811, 133.65, 10.4336;
500, 3600, 1.69559e+06, 261.949, 19.2851, 122.14, 9.39637;
500, 3700, 1.46916e+06, 236.368, 17.9551, 113.827, 8.66419;
500, 3800, 1.27717e+06, 206.694, 16.6251, 103.595, 8.2981;
500, 3900, 1.08949e+06, 181.113, 15.4281, 88.887, 7.56591;
500, 4000, 956617, 166.788, 14.7631, 81.2133, 7.07779;
600, 100, 4.12094e+10, 17759.3, 398.337, 8891.9, 191.466;
600, 200, 2.11935e+10, 17608.9, 397.007, 8814.52, 190.49;
600, 300, 1.19355e+10, 17352.1, 393.815, 8694.94, 189.148;
600, 400, 7.05889e+09, 16926.4, 390.357, 8476.24, 186.402;
600, 500, 4.3247e+09, 16265.4, 381.446, 8146.91, 183.717;
600, 600, 2.66582e+09, 15171.6, 365.087, 7637.89, 176.396;
600, 700, 1.63601e+09, 13430, 336.758, 6780.35, 163.338;
600, 800, 1.04416e+09, 11551.3, 304.572, 5809.63, 150.342;
600, 900, 6.88171e+08, 9850.73, 272.784, 4925.24, 135.271;
600, 1000, 4.55073e+08, 8367.03, 246.716, 4175.13, 121.665;
600, 1100, 3.14926e+08, 7032.72, 220.648, 3511.36, 108.363;
600, 1200, 2.26901e+08, 5914.32, 200.964, 2949.26, 96.5264;
600, 1300, 1.5884e+08, 5004.66, 182.876, 2491.39, 87.008;
600, 1400, 1.17585e+08, 4216.77, 165.719, 2098.12, 79.015;
600, 1500, 8.93125e+07, 3588.5, 149.759, 1787.97, 69.9237;
600, 1600, 6.90001e+07, 3073.81, 133.666, 1539.22, 63.5781;
600, 1700, 5.27728e+07, 2658.38, 119.435, 1321.8, 56.6833;
600, 1800, 4.09243e+07, 2282.85, 107.066, 1142.1, 51.9851;
600, 1900, 3.26154e+07, 1985.08, 96.4255, 988.629, 46.3107;
600, 2000, 2.55165e+07, 1702.67, 86.9825, 847.944, 41.9176;
600, 2100, 2.04233e+07, 1482.67, 79.8004, 740.512, 37.8296;
600, 2200, 1.66208e+07, 1286.21, 71.2884, 646.509, 34.5347;
600, 2300, 1.3729e+07, 1137.84, 64.9043, 550.588, 30.9348;
600, 2400, 1.11263e+07, 1001.75, 59.5843, 498.791, 27.701;
600, 2500, 9.2521e+06, 883.056, 55.7273, 441.238, 24.5892;
600, 2600, 7.82991e+06, 780.732, 50.9393, 391.359, 21.9656;
600, 2700, 6.5436e+06, 689.663, 46.5502, 340.84, 20.0131;
600, 2800, 5.49095e+06, 613.944, 41.4962, 296.716, 18.5487;
600, 2900, 4.61806e+06, 540.27, 37.2402, 264.103, 17.0233;
600, 3000, 3.98148e+06, 499.341, 33.7822, 235.966, 15.925;
600, 3100, 3.43418e+06, 450.225, 30.4572, 209.108, 14.8267;
600, 3200, 2.98629e+06, 392.924, 27.5311, 186.087, 13.8505;
600, 3300, 2.64829e+06, 349.948, 25.0041, 166.903, 12.3861;
600, 3400, 2.32458e+06, 316.181, 22.8761, 147.079, 11.4099;
600, 3500, 1.9791e+06, 287.53, 20.8811, 133.65, 10.4336;
600, 3600, 1.69559e+06, 261.949, 19.2851, 122.14, 9.39637;
600, 3700, 1.46916e+06, 236.368, 17.9551, 113.827, 8.66419;
600, 3800, 1.27717e+06, 206.694, 16.6251, 103.595, 8.2981;
600, 3900, 1.08949e+06, 181.113, 15.4281, 88.887, 7.56591;
600, 4000, 956617, 166.788, 14.7631, 81.2133, 7.07779;
700, 100, 2.86906e+10, 14260.9, 347.132, 7096.89, 166.755;
700, 200, 1.55362e+10, 14161.6, 346.068, 7052.13, 166.084;
700, 300, 9.12428e+09, 14000, 344.073, 6977.31, 165.169;
700, 400, 5.62561e+09, 13750.3, 341.812, 6843.66, 163.033;
700, 500, 3.58968e+09, 13367.6, 336.492, 6652.46, 161.813;
700, 600, 2.33144e+09, 12785.4, 327.581, 6407.54, 158.274;
700, 700, 1.51458e+09, 11935.1, 312.419, 6002.75, 151.745;
700, 800, 9.96645e+08, 10626.3, 288.878, 5340.26, 142.044;
700, 900, 6.64615e+08, 9229.62, 262.41, 4626.6, 129.963;
700, 1000, 4.45565e+08, 7975.13, 239.401, 3983.93, 118.187;
700, 1100, 3.10919e+08, 6783.05, 215.727, 3399.45, 105.923;
700, 1200, 2.25064e+08, 5768, 197.772, 2885.95, 95.062;
700, 1300, 1.57913e+08, 4916.67, 180.748, 2453.67, 86.1538;
700, 1400, 1.17163e+08, 4170.72, 164.655, 2077.02, 78.4048;
700, 1500, 8.91282e+07, 3556.78, 149.094, 1777.1, 69.6186;
700, 1600, 6.89501e+07, 3052.32, 133.267, 1533.46, 63.395;
700, 1700, 5.27461e+07, 2647.12, 119.169, 1319.24, 56.5613;
700, 1800, 4.0904e+07, 2276.71, 106.8, 1141.46, 51.8631;
700, 1900, 3.26154e+07, 1983.04, 96.2925, 988.629, 46.2497;
700, 2000, 2.55165e+07, 1702.67, 86.8495, 847.944, 41.8566;
700, 2100, 2.04233e+07, 1482.67, 79.6674, 740.512, 37.8296;
700, 2200, 1.66208e+07, 1286.21, 71.1554, 646.509, 34.5347;
700, 2300, 1.3729e+07, 1137.84, 64.9043, 550.588, 30.9348;
700, 2400, 1.11263e+07, 1001.75, 59.5843, 498.791, 27.701;
700, 2500, 9.2521e+06, 883.056, 55.7273, 441.238, 24.5892;
700, 2600, 7.82991e+06, 780.732, 50.9393, 391.359, 21.9656;
700, 2700, 6.5436e+06, 689.663, 46.5502, 340.84, 20.0131;
700, 2800, 5.49095e+06, 613.944, 41.4962, 296.716, 18.5487;
700, 2900, 4.61806e+06, 540.27, 37.2402, 264.103, 17.0233;
700, 3000, 3.98148e+06, 499.341, 33.7822, 235.966, 15.925;
700, 3100, 3.43418e+06, 450.225, 30.4572, 209.108, 14.8267;
700, 3200, 2.98629e+06, 392.924, 27.5311, 186.087, 13.8505;
700, 3300, 2.64829e+06, 349.948, 25.0041, 166.903, 12.3861;
700, 3400, 2.32458e+06, 316.181, 22.8761, 147.079, 11.4099;
700, 3500, 1.9791e+06, 287.53, 20.8811, 133.65, 10.4336;
700, 3600, 1.69559e+06, 261.949, 19.2851, 122.14, 9.39637;
700, 3700, 1.46916e+06, 236.368, 17.9551, 113.827, 8.66419;
700, 3800, 1.27717e+06, 206.694, 16.6251, 103.595, 8.2981;
700, 3900, 1.08949e+06, 181.113, 15.4281, 88.887, 7.56591;
700, 4000, 956617, 166.788, 14.7631, 81.2133, 7.07779;
800, 100, 2.05672e+10, 11553.4, 299.651, 5754.64, 145.827;
800, 200, 1.15729e+10, 11484.8, 299.119, 5721.38, 145.4;
800, 300, 7.0412e+09, 11387.6, 298.055, 5672.78, 144.79;
800, 400, 4.50451e+09, 11223.9, 296.193, 5584.54, 143.691;
800, 500, 2.96558e+09, 10994.7, 293.001, 5456.64, 142.898;
800, 600, 2.00173e+09, 10663.2, 287.814, 5316.6, 140.824;
800, 700, 1.35559e+09, 10182.3, 279.434, 5101.09, 137.407;
800, 800, 9.26838e+08, 9503.85, 267.863, 4759.61, 131.732;
800, 900, 6.3597e+08, 8524.61, 249.509, 4263.38, 122.702;
800, 1000, 4.33248e+08, 7486.02, 230.623, 3740.29, 113.184;
800, 1100, 3.05187e+08, 6466.87, 209.742, 3234.47, 102.262;
800, 1200, 2.21951e+08, 5556.19, 192.984, 2783, 92.4994;
800, 1300, 1.56385e+08, 4787.74, 177.29, 2386.52, 84.3843;
800, 1400, 1.16566e+08, 4097.05, 161.862, 2035.45, 77.1235;
800, 1500, 8.87719e+07, 3517.9, 146.833, 1753.44, 68.9474;
800, 1600, 6.87638e+07, 3027.77, 131.937, 1521.31, 62.9679;
800, 1700, 5.259e+07, 2633.82, 118.504, 1312.2, 56.3782;
800, 1800, 4.08471e+07, 2269.55, 106.534, 1136.35, 51.6801;
800, 1900, 3.25687e+07, 1979.97, 96.1595, 984.792, 46.1277;
800, 2000, 2.54697e+07, 1700.62, 86.7165, 845.386, 41.7956;
800, 2100, 2.03765e+07, 1481.65, 79.5344, 739.873, 37.8296;
800, 2200, 1.65741e+07, 1286.21, 71.0224, 645.87, 34.5347;
800, 2300, 1.36885e+07, 1137.84, 64.7713, 550.588, 30.9348;
800, 2400, 1.11263e+07, 1001.75, 59.4513, 498.791, 27.701;
800, 2500, 9.2521e+06, 883.056, 55.5943, 441.238, 24.5892;
800, 2600, 7.82991e+06, 780.732, 50.9393, 391.359, 21.9656;
800, 2700, 6.5436e+06, 689.663, 46.5502, 340.84, 20.0131;
800, 2800, 5.49095e+06, 613.944, 41.4962, 296.716, 18.5487;
800, 2900, 4.61806e+06, 540.27, 37.2402, 264.103, 17.0233;
800, 3000, 3.98148e+06, 499.341, 33.7822, 235.966, 15.925;
800, 3100, 3.43418e+06, 450.225, 30.4572, 209.108, 14.8267;
800, 3200, 2.98629e+06, 392.924, 27.5311, 186.087, 13.8505;
800, 3300, 2.64829e+06, 349.948, 25.0041, 166.903, 12.3861;
800, 3400, 2.32458e+06, 316.181, 22.8761, 147.079, 11.4099;
800, 3500, 1.9791e+06, 287.53, 20.8811, 133.65, 10.4336;
800, 3600, 1.69559e+06, 261.949, 19.2851, 122.14, 9.39637;
800, 3700, 1.46916e+06, 236.368, 17.9551, 113.827, 8.66419;
800, 3800, 1.27717e+06, 206.694, 16.6251, 103.595, 8.2981;
800, 3900, 1.08949e+06, 181.113, 15.4281, 88.887, 7.56591;
800, 4000, 956617, 166.788, 14.7631, 81.2133, 7.07779;
900, 100, 1.50824e+10, 9380.04, 261.479, 4693.75, 127.217;
900, 200, 8.78379e+09, 9333.99, 261.08, 4673.28, 126.79;
900, 300, 5.49613e+09, 9261.34, 260.548, 4641.95, 126.241;
900, 400, 3.6293e+09, 9159.02, 259.085, 4584.4, 125.387;
900, 500, 2.44783e+09, 9012.69, 256.824, 4499.35, 124.899;
900, 600, 1.69089e+09, 8810.09, 252.967, 4411.1, 123.373;
900, 700, 1.18866e+09, 8528.7, 248.578, 4283.2, 121.482;
900, 800, 8.41028e+08, 8137.82, 242.327, 4100.95, 118.431;
900, 900, 5.9906e+08, 7630.3, 232.751, 3829.18, 113.428;
900, 1000, 4.15397e+08, 6903.8, 219.584, 3460.84, 105.862;
900, 1100, 2.97002e+08, 6085.2, 202.56, 3055.41, 97.1976;
900, 1200, 2.17988e+08, 5305.5, 187.664, 2656.38, 88.5944;
900, 1300, 1.54346e+08, 4629.14, 173.034, 2300.83, 81.6386;
900, 1400, 1.1546e+08, 3992.68, 158.537, 1979.18, 75.171;
900, 1500, 8.80628e+07, 3453.43, 144.439, 1716.99, 67.5441;
900, 1600, 6.83952e+07, 2994, 130.74, 1499.57, 61.6866;
900, 1700, 5.2423e+07, 2612.33, 117.839, 1303.25, 55.6461;
900, 1800, 4.07205e+07, 2256.24, 106.002, 1130.59, 51.1919;
900, 1900, 3.25355e+07, 1970.76, 95.7605, 981.594, 45.8836;
900, 2000, 2.5456e+07, 1693.46, 86.4505, 842.828, 41.5515;
900, 2100, 2.03755e+07, 1478.58, 79.2684, 737.954, 37.6465;
900, 2200, 1.65735e+07, 1284.17, 70.7564, 644.591, 34.3517;
900, 2300, 1.3688e+07, 1135.8, 64.6383, 550.588, 30.7518;
900, 2400, 1.11258e+07, 1000.73, 59.4513, 498.791, 27.64;
900, 2500, 9.2521e+06, 882.032, 55.5943, 441.238, 24.5282;
900, 2600, 7.82991e+06, 780.732, 50.9393, 391.359, 21.9656;
900, 2700, 6.5436e+06, 689.663, 46.5502, 340.84, 20.0131;
900, 2800, 5.49095e+06, 613.944, 41.4962, 296.716, 18.5487;
900, 2900, 4.61806e+06, 540.27, 37.2402, 264.103, 17.0233;
900, 3000, 3.98148e+06, 499.341, 33.7822, 235.966, 15.925;
900, 3100, 3.43418e+06, 450.225, 30.4572, 209.108, 14.8267;
900, 3200, 2.98629e+06, 392.924, 27.5311, 186.087, 13.8505;
900, 3300, 2.64829e+06, 349.948, 25.0041, 166.903, 12.3861;
900, 3400, 2.32458e+06, 316.181, 22.8761, 147.079, 11.4099;
900, 3500, 1.9791e+06, 287.53, 20.8811, 133.65, 10.4336;
900, 3600, 1.69559e+06, 261.949, 19.2851, 122.14, 9.39637;
900, 3700, 1.46916e+06, 236.368, 17.9551, 113.827, 8.66419;
900, 3800, 1.27717e+06, 206.694, 16.6251, 103.595, 8.2981;
900, 3900, 1.08949e+06, 181.113, 15.4281, 88.887, 7.56591;
900, 4000, 956617, 166.788, 14.7631, 81.2133, 7.07779;
1000, 100, 1.12564e+10, 7741.83, 229.958, 3870.74, 110.499;
1000, 200, 6.76683e+09, 7707.04, 229.692, 3858.59, 110.194;
1000, 300, 4.34733e+09, 7655.88, 229.293, 3838.13, 109.706;
1000, 400, 2.93324e+09, 7593.46, 228.229, 3801.04, 109.035;
1000, 500, 2.02746e+09, 7488.07, 226.766, 3748.6, 108.729;
1000, 600, 1.42998e+09, 7357.09, 224.239, 3694.89, 107.692;
1000, 700, 1.03261e+09, 7192.35, 221.18, 3607.28, 106.716;
1000, 800, 7.52285e+08, 6949.84, 216.658, 3487.06, 104.702;
1000, 900, 5.49793e+08, 6675.61, 210.54, 3338.7, 101.957;
1000, 1000, 3.92881e+08, 6257.11, 203.757, 3131.51, 97.8687;
1000, 1100, 2.86788e+08, 5658.51, 191.787, 2844.39, 91.5841;
1000, 1200, 2.12951e+08, 5001.59, 180.216, 2516.33, 84.2623;
1000, 1300, 1.51621e+08, 4415.28, 166.916, 2204.27, 77.9167;
1000, 1400, 1.13708e+08, 3842.26, 154.281, 1911.39, 72.1812;
1000, 1500, 8.71339e+07, 3354.18, 141.38, 1666.47, 65.2865;
1000, 1600, 6.78859e+07, 2931.58, 128.745, 1463.76, 59.9782;
1000, 1700, 5.21118e+07, 2573.45, 116.243, 1278.31, 54.3647;
1000, 1800, 4.05285e+07, 2237.82, 105.071, 1115.24, 50.3987;
1000, 1900, 3.23986e+07, 1960.53, 94.9625, 973.281, 45.3955;
1000, 2000, 2.53912e+07, 1687.32, 85.7855, 836.433, 41.1244;
1000, 2100, 2.03381e+07, 1475.51, 79.1354, 731.56, 37.2804;
1000, 2200, 1.6543e+07, 1283.14, 70.6234, 640.754, 34.1076;
1000, 2300, 1.36641e+07, 1134.77, 64.6383, 549.309, 30.5077;
1000, 2400, 1.11084e+07, 999.705, 59.4513, 497.512, 27.4569;
1000, 2500, 9.23503e+06, 882.032, 55.5943, 440.598, 24.4672;
1000, 2600, 7.81284e+06, 780.732, 50.9393, 391.359, 21.9045;
1000, 2700, 6.52653e+06, 689.663, 46.5502, 340.84, 20.0131;
1000, 2800, 5.49095e+06, 613.944, 41.4962, 296.716, 18.5487;
1000, 2900, 4.61806e+06, 540.27, 37.2402, 264.103, 17.0233;
1000, 3000, 3.98148e+06, 499.341, 33.7822, 235.966, 15.925;
1000, 3100, 3.43418e+06, 450.225, 30.4572, 209.108, 14.8267;
1000, 3200, 2.98629e+06, 392.924, 27.5311, 186.087, 13.8505;
1000, 3300, 2.64829e+06, 349.948, 25.0041, 166.903, 12.3861;
1000, 3400, 2.32458e+06, 316.181, 22.8761, 147.079, 11.4099;
1000, 3500, 1.9791e+06, 287.53, 20.8811, 133.65, 10.4336;
1000, 3600, 1.69559e+06, 261.949, 19.2851, 122.14, 9.39637;
1000, 3700, 1.46916e+06, 236.368, 17.9551, 113.827, 8.66419;
1000, 3800, 1.27717e+06, 206.694, 16.6251, 103.595, 8.2981;
1000, 3900, 1.08949e+06, 181.113, 15.4281, 88.887, 7.56591;
1000, 4000, 956617, 166.788, 14.7631, 81.2133, 7.07779;
1100, 100, 8.5656e+09, 6439.25, 205.752, 3212.72, 97.8687;
1100, 200, 5.30369e+09, 6415.71, 205.486, 3204.41, 97.6857;
1100, 300, 3.48646e+09, 6387.06, 205.22, 3189.06, 97.3196;
1100, 400, 2.39981e+09, 6350.22, 204.422, 3162.84, 96.9535;
1100, 500, 1.68883e+09, 6280.64, 203.225, 3125.75, 96.8315;
1100, 600, 1.21396e+09, 6186.51, 200.964, 3089.94, 96.2823;
1100, 700, 8.93786e+08, 6073.95, 198.969, 3033.67, 95.4891;
1100, 800, 6.64818e+08, 5915.35, 195.378, 2952.46, 94.1468;
1100, 900, 4.95859e+08, 5745.49, 192.053, 2857.81, 92.0723;
1100, 1000, 3.63351e+08, 5516.28, 187.398, 2738.23, 89.3266;
1100, 1100, 2.72117e+08, 5180.66, 179.95, 2587.32, 86.0317;
1100, 1200, 2.04979e+08, 4679.27, 170.906, 2350.07, 80.4183;
1100, 1300, 1.46913e+08, 4199.37, 159.867, 2083.41, 74.988;
1100, 1400, 1.10966e+08, 3684.69, 148.828, 1823.78, 70.1067;
1100, 1500, 8.54987e+07, 3240.6, 137.656, 1604.44, 63.6391;
1100, 1600, 6.69062e+07, 2852.79, 126.218, 1419, 58.6968;
1100, 1700, 5.16934e+07, 2518.19, 114.381, 1250.17, 53.5715;
1100, 1800, 4.02623e+07, 2207.13, 104.007, 1095.42, 49.8496;
1100, 1900, 3.22162e+07, 1940.06, 93.8985, 961.131, 44.9684;
1100, 2000, 2.53185e+07, 1677.09, 84.9874, 828.12, 40.6973;
1100, 2100, 2.03063e+07, 1467.33, 78.3374, 726.444, 37.0364;
1100, 2200, 1.65181e+07, 1277, 70.0914, 637.557, 33.9246;
1100, 2300, 1.36405e+07, 1129.66, 64.5053, 547.391, 30.3857;
1100, 2400, 1.10848e+07, 996.635, 59.3183, 496.233, 27.3349;
1100, 2500, 9.23476e+06, 881.009, 55.4613, 439.319, 24.4062;
1100, 2600, 7.81258e+06, 780.732, 50.8063, 390.719, 21.8435;
1100, 2700, 6.52627e+06, 689.663, 46.4172, 340.84, 20.0131;
1100, 2800, 5.49069e+06, 613.944, 41.3632, 296.716, 18.5487;
1100, 2900, 4.61806e+06, 540.27, 37.2402, 264.103, 17.0233;
1100, 3000, 3.98148e+06, 499.341, 33.7822, 235.966, 15.925;
1100, 3100, 3.43418e+06, 450.225, 30.4572, 209.108, 14.8267;
1100, 3200, 2.98629e+06, 392.924, 27.5311, 186.087, 13.8505;
1100, 3300, 2.64829e+06, 349.948, 25.0041, 166.903, 12.3861;
1100, 3400, 2.32458e+06, 316.181, 22.8761, 147.079, 11.4099;
1100, 3500, 1.9791e+06, 287.53, 20.8811, 133.65, 10.4336;
1100, 3600, 1.69559e+06, 261.949, 19.2851, 122.14, 9.39637;
1100, 3700, 1.46916e+06, 236.368, 17.9551, 113.827, 8.66419;
1100, 3800, 1.27717e+06, 206.694, 16.6251, 103.595, 8.2981;
1100, 3900, 1.08949e+06, 181.113, 15.4281, 88.887, 7.56591;
1100, 4000, 956617, 166.788, 14.7631, 81.2133, 7.07779;
1200, 100, 6.58269e+09, 5370.98, 182.743, 2706.9, 87.2521;
1200, 200, 4.17296e+09, 5349.5, 182.477, 2699.86, 87.13;
1200, 300, 2.8049e+09, 5331.08, 182.344, 2689.63, 86.8249;
1200, 400, 1.96851e+09, 5307.54, 181.546, 2669.17, 86.5199;
1200, 500, 1.40547e+09, 5262.52, 180.615, 2644.23, 86.3978;
1200, 600, 1.02699e+09, 5197.03, 178.886, 2619.29, 85.9707;
1200, 700, 7.68559e+08, 5123.36, 177.689, 2585.4, 85.4216;
1200, 800, 5.80732e+08, 5011.83, 175.428, 2524.65, 84.6284;
1200, 900, 4.39727e+08, 4896.2, 172.901, 2458.78, 83.164;
1200, 1000, 3.2745e+08, 4747.83, 170.507, 2376.93, 81.4556;
1200, 1100, 2.50741e+08, 4548.3, 165.852, 2291.88, 79.3811;
1200, 1200, 1.93674e+08, 4276.12, 160.399, 2144.16, 76.0252;
1200, 1300, 1.40921e+08, 3937.43, 152.951, 1942.73, 71.388;
1200, 1400, 1.07616e+08, 3491.29, 143.508, 1723.39, 67.239;
1200, 1500, 8.36188e+07, 3106.55, 133.799, 1534.1, 61.5035;
1200, 1600, 6.56211e+07, 2750.47, 122.627, 1365.92, 56.9274;
1200, 1700, 5.10318e+07, 2441.45, 111.189, 1210.53, 52.1682;
1200, 1800, 3.98179e+07, 2151.87, 101.613, 1071.12, 48.5683;
1200, 1900, 3.19309e+07, 1901.18, 92.0365, 943.865, 44.0531;
1200, 2000, 2.51684e+07, 1644.35, 83.3914, 814.691, 40.0261;
1200, 2100, 2.02203e+07, 1442.77, 77.6724, 714.294, 36.6703;
1200, 2200, 1.6475e+07, 1259.61, 69.5594, 629.243, 33.7415;
1200, 2300, 1.36111e+07, 1117.38, 64.2393, 542.275, 30.2026;
1200, 2400, 1.10752e+07, 992.542, 59.0523, 494.314, 27.1519;
1200, 2500, 9.23476e+06, 878.963, 55.4613, 438.68, 24.2231;
1200, 2600, 7.81258e+06, 780.732, 50.8063, 390.08, 21.6605;
1200, 2700, 6.52627e+06, 689.663, 46.4172, 340.201, 19.83;
1200, 2800, 5.49069e+06, 613.944, 41.3632, 296.077, 18.3656;
1200, 2900, 4.61806e+06, 540.27, 37.2402, 263.464, 16.9013;
1200, 3000, 3.98148e+06, 499.341, 33.7822, 235.966, 15.864;
1200, 3100, 3.43418e+06, 450.225, 30.4572, 209.108, 14.7657;
1200, 3200, 2.98629e+06, 392.924, 27.5311, 186.087, 13.7895;
1200, 3300, 2.64829e+06, 349.948, 25.0041, 166.903, 12.3251;
1200, 3400, 2.32458e+06, 316.181, 22.8761, 147.079, 11.3489;
1200, 3500, 1.9791e+06, 287.53, 20.8811, 133.65, 10.4336;
1200, 3600, 1.69559e+06, 261.949, 19.2851, 122.14, 9.39637;
1200, 3700, 1.46916e+06, 236.368, 17.9551, 113.827, 8.66419;
1200, 3800, 1.27717e+06, 206.694, 16.6251, 103.595, 8.2981;
1200, 3900, 1.08949e+06, 181.113, 15.4281, 88.887, 7.56591;
1200, 4000, 956617, 166.788, 14.7631, 81.2133, 7.07779;
1300, 100, 5.15876e+09, 4560.58, 163.99, 2268.86, 78.0997;
1300, 200, 3.3369e+09, 4547.28, 163.724, 2264.38, 77.9777;
1300, 300, 2.27901e+09, 4531.93, 163.724, 2257.35, 77.7336;
1300, 400, 1.62472e+09, 4518.63, 163.192, 2240.72, 77.5506;
1300, 500, 1.18396e+09, 4493.04, 162.527, 2224.73, 77.4896;
1300, 600, 8.77155e+08, 4450.07, 160.798, 2208.75, 77.1235;
1300, 700, 6.65693e+08, 4394.81, 159.867, 2185.09, 76.6964;
1300, 800, 5.10397e+08, 4315, 158.404, 2145.44, 76.0862;
1300, 900, 3.92099e+08, 4240.3, 156.409, 2103.87, 74.7439;
1300, 1000, 2.96282e+08, 4154.35, 155.079, 2049.52, 73.6456;
1300, 1100, 2.30306e+08, 4026.45, 152.286, 1991.96, 71.9372;
1300, 1200, 1.81005e+08, 3850.45, 148.961, 1901.8, 69.4966;
1300, 1300, 1.34155e+08, 3639.66, 144.439, 1778.38, 67.239;
1300, 1400, 1.04062e+08, 3292.78, 136.725, 1615.31, 63.8831;
1300, 1500, 8.12196e+07, 2975.58, 128.346, 1461.2, 59.0019;
1300, 1600, 6.40422e+07, 2657.35, 118.504, 1307.73, 55.1579;
1300, 1700, 5.02922e+07, 2371.87, 108.13, 1168.32, 50.5818;
1300, 1800, 3.93656e+07, 2094.57, 99.6175, 1039.79, 47.1649;
1300, 1900, 3.16275e+07, 1856.16, 90.4405, 920.205, 43.1989;
1300, 2000, 2.49423e+07, 1617.74, 82.4604, 798.704, 39.66;
1300, 2100, 2.00853e+07, 1426.4, 77.0074, 704.062, 36.3042;
1300, 2200, 1.64357e+07, 1246.31, 69.1604, 622.849, 33.3754;
1300, 2300, 1.35791e+07, 1110.21, 64.1063, 538.438, 29.9586;
1300, 2400, 1.10696e+07, 985.38, 58.9193, 491.117, 26.9688;
1300, 2500, 9.23371e+06, 873.846, 55.3283, 436.761, 24.1011;
1300, 2600, 7.81212e+06, 777.662, 50.6733, 388.801, 21.5995;
1300, 2700, 6.52607e+06, 686.594, 46.4172, 338.922, 19.769;
1300, 2800, 5.49049e+06, 611.897, 41.3632, 294.798, 18.3046;
1300, 2900, 4.61786e+06, 539.247, 37.2402, 262.824, 16.8403;
1300, 3000, 3.98129e+06, 499.341, 33.7822, 235.327, 15.803;
1300, 3100, 3.43408e+06, 450.225, 30.4572, 209.108, 14.7047;
1300, 3200, 2.98629e+06, 392.924, 27.5311, 186.087, 13.7285;
1300, 3300, 2.64829e+06, 349.948, 25.0041, 166.903, 12.2641;
1300, 3400, 2.32458e+06, 316.181, 22.8761, 147.079, 11.3489;
1300, 3500, 1.9791e+06, 287.53, 20.8811, 133.65, 10.4336;
1300, 3600, 1.69559e+06, 261.949, 19.2851, 122.14, 9.39637;
1300, 3700, 1.46916e+06, 236.368, 17.9551, 113.827, 8.66419;
1300, 3800, 1.27717e+06, 206.694, 16.6251, 103.595, 8.2981;
1300, 3900, 1.08949e+06, 181.113, 15.4281, 88.887, 7.56591;
1300, 4000, 956617, 166.788, 14.7631, 81.2133, 7.07779;
1400, 100, 4.06783e+09, 3893.43, 148.03, 1935.69, 69.3745;
1400, 200, 2.69693e+09, 3885.24, 147.764, 1933.77, 69.3135;
1400, 300, 1.86998e+09, 3872.96, 147.764, 1928.02, 69.0695;
1400, 400, 1.35277e+09, 3864.78, 147.365, 1913.95, 68.9474;
1400, 500, 9.95228e+08, 3847.38, 147.099, 1901.16, 68.9474;
1400, 600, 7.52739e+08, 3818.73, 145.503, 1889.01, 68.7034;
1400, 700, 5.78306e+08, 3779.85, 144.838, 1873.66, 68.4593;
1400, 800, 4.48336e+08, 3722.55, 143.907, 1844.25, 67.9102;
1400, 900, 3.49397e+08, 3664.22, 142.311, 1816.75, 66.8729;
1400, 1000, 2.66643e+08, 3602.83, 141.38, 1778.38, 66.1407;
1400, 1100, 2.10448e+08, 3524.04, 139.252, 1739.37, 64.7984;
1400, 1200, 1.68216e+08, 3399.2, 136.991, 1685.66, 63.0899;
1400, 1300, 1.25976e+08, 3273.34, 134.198, 1600.61, 61.4425;
1400, 1400, 9.95332e+07, 3054.37, 128.878, 1498.93, 59.307;
1400, 1500, 7.92821e+07, 2807.77, 122.494, 1384.46, 55.463;
1400, 1600, 6.28471e+07, 2534.56, 113.45, 1254.01, 52.4733;
1400, 1700, 4.94037e+07, 2282.85, 103.874, 1122.92, 48.3242;
1400, 1800, 3.86913e+07, 2035.22, 96.2925, 1005.89, 45.2124;
1400, 1900, 3.1184e+07, 1809.09, 88.1795, 892.707, 41.4905;
1400, 2000, 2.4615e+07, 1578.86, 80.4654, 783.357, 38.1346;
1400, 2100, 1.98462e+07, 1396.72, 75.2784, 691.912, 35.2669;
1400, 2200, 1.63136e+07, 1222.77, 67.9634, 614.536, 32.8263;
1400, 2300, 1.34973e+07, 1089.75, 63.0423, 533.322, 29.7755;
1400, 2400, 1.10116e+07, 969.008, 57.9883, 487.28, 26.8468;
1400, 2500, 9.20708e+06, 862.591, 54.5303, 433.564, 24.0401;
1400, 2600, 7.78602e+06, 770.499, 50.2743, 386.243, 21.5384;
1400, 2700, 6.51314e+06, 680.454, 46.0182, 336.364, 19.708;
1400, 2800, 5.47756e+06, 607.804, 41.0972, 292.24, 18.2436;
1400, 2900, 4.61125e+06, 536.177, 36.9742, 260.266, 16.8403;
1400, 3000, 3.98099e+06, 497.294, 33.6492, 234.048, 15.803;
1400, 3100, 3.43405e+06, 450.225, 30.3242, 208.469, 14.7047;
1400, 3200, 2.98625e+06, 392.924, 27.5311, 185.448, 13.7285;
1400, 3300, 2.64826e+06, 349.948, 25.0041, 166.903, 12.2641;
1400, 3400, 2.32455e+06, 316.181, 22.8761, 147.079, 11.3489;
1400, 3500, 1.9791e+06, 287.53, 20.8811, 133.65, 10.4336;
1400, 3600, 1.69559e+06, 261.949, 19.2851, 122.14, 9.39637;
1400, 3700, 1.46916e+06, 236.368, 17.9551, 113.827, 8.66419;
1400, 3800, 1.27717e+06, 206.694, 16.6251, 103.595, 8.2981;
1400, 3900, 1.08949e+06, 181.113, 15.4281, 88.887, 7.56591;
1400, 4000, 956617, 166.788, 14.7631, 81.2133, 7.07779;
1500, 100, 3.25795e+09, 3338.83, 132.203, 1639.61, 62.1747;
1500, 200, 2.20121e+09, 3333.71, 132.07, 1638.97, 62.1137;
1500, 300, 1.54331e+09, 3323.48, 132.07, 1633.22, 61.9307;
1500, 400, 1.12879e+09, 3316.32, 131.671, 1623.63, 61.8086;
1500, 500, 8.486e+08, 3301.99, 131.538, 1614.67, 61.8086;
1500, 600, 6.48862e+08, 3278.46, 130.341, 1605.08, 61.6256;
1500, 700, 5.04107e+08, 3247.76, 129.809, 1591.65, 61.3815;
1500, 800, 3.95062e+08, 3201.72, 129.011, 1571.83, 60.8934;
1500, 900, 3.11852e+08, 3160.79, 127.814, 1555.2, 60.1612;
1500, 1000, 2.39741e+08, 3118.83, 127.282, 1530.26, 59.6121;
1500, 1100, 1.91528e+08, 3060.51, 125.819, 1505.96, 58.7579;
1500, 1200, 1.55115e+08, 2973.53, 124.223, 1475.27, 57.2935;
1500, 1300, 1.16777e+08, 2886.56, 122.893, 1420.91, 56.0732;
1500, 1400, 9.3767e+07, 2758.65, 119.302, 1350.57, 54.6698;
1500, 1500, 7.59642e+07, 2596.98, 114.647, 1275.75, 52.3512;
1500, 1600, 6.10164e+07, 2396.43, 107.997, 1170.88, 50.0326;
1500, 1700, 4.82717e+07, 2178.48, 99.7505, 1063.45, 46.6768;
1500, 1800, 3.79298e+07, 1961.55, 92.8345, 960.492, 43.8091;
1500, 1900, 3.07329e+07, 1753.83, 85.6525, 856.897, 40.3312;
1500, 2000, 2.43062e+07, 1544.07, 78.3374, 756.499, 37.2194;
1500, 2100, 1.96328e+07, 1370.12, 73.5494, 670.809, 34.5347;
1500, 2200, 1.61548e+07, 1198.21, 66.5004, 601.746, 32.1551;
1500, 2300, 1.33766e+07, 1069.29, 61.7123, 524.37, 29.2264;
1500, 2400, 1.09272e+07, 951.613, 56.7913, 480.246, 26.4197;
1500, 2500, 9.13006e+06, 848.265, 53.5993, 427.809, 23.674;
1500, 2600, 7.72928e+06, 759.244, 49.3433, 383.685, 21.2944;
1500, 2700, 6.47618e+06, 674.315, 45.2202, 335.085, 19.4639;
1500, 2800, 5.44725e+06, 603.711, 40.5652, 290.961, 18.0606;
1500, 2900, 4.58752e+06, 534.131, 36.7082, 258.987, 16.6572;
1500, 3000, 3.95757e+06, 496.271, 33.3832, 233.408, 15.681;
1500, 3100, 3.42769e+06, 449.202, 30.3242, 207.829, 14.6437;
1500, 3200, 2.97994e+06, 392.924, 27.5311, 184.808, 13.6675;
1500, 3300, 2.64194e+06, 349.948, 25.0041, 166.264, 12.2031;
1500, 3400, 2.31823e+06, 316.181, 22.8761, 146.44, 11.3489;
1500, 3500, 1.9791e+06, 287.53, 20.8811, 133.65, 10.4336;
1500, 3600, 1.69559e+06, 261.949, 19.2851, 122.14, 9.39637;
1500, 3700, 1.46916e+06, 236.368, 17.9551, 113.827, 8.66419;
1500, 3800, 1.27717e+06, 206.694, 16.6251, 103.595, 8.2981;
1500, 3900, 1.08949e+06, 181.113, 15.4281, 88.887, 7.56591;
1500, 4000, 956617, 166.788, 14.7631, 81.2133, 7.07779;
1600, 100, 2.64153e+09, 2886.56, 119.302, 1410.68, 56.5613;
1600, 200, 1.81985e+09, 2882.47, 119.302, 1410.68, 56.5003;
1600, 300, 1.28976e+09, 2876.33, 119.302, 1406.85, 56.3172;
1600, 400, 9.55109e+08, 2874.28, 118.903, 1401.09, 56.1952;
1600, 500, 7.25972e+08, 2863.02, 118.77, 1395.33, 56.1952;
1600, 600, 5.61009e+08, 2844.61, 117.706, 1386.38, 56.0732;
1600, 700, 4.41385e+08, 2822.09, 117.174, 1375.51, 55.8291;
1600, 800, 3.50562e+08, 2784.23, 116.509, 1360.8, 55.341;
1600, 900, 2.80144e+08, 2757.63, 115.312, 1350.57, 54.7308;
1600, 1000, 2.16676e+08, 2727.96, 114.913, 1328.83, 54.2427;
1600, 1100, 1.75129e+08, 2683.96, 113.583, 1312.2, 53.6936;
1600, 1200, 1.43661e+08, 2620.52, 112.519, 1288.54, 52.6563;
1600, 1300, 1.08969e+08, 2559.12, 111.588, 1247.62, 51.7411;
1600, 1400, 8.81426e+07, 2467.03, 109.327, 1192.62, 50.5208;
1600, 1500, 7.24432e+07, 2358.57, 105.337, 1145.94, 48.8734;
1600, 1600, 5.88055e+07, 2231.69, 100.682, 1076.88, 47.2259;
1600, 1700, 4.68977e+07, 2051.6, 94.1645, 994.384, 44.6023;
1600, 1800, 3.71511e+07, 1865.37, 88.7115, 908.055, 42.0396;
1600, 1900, 3.02593e+07, 1676.07, 82.0614, 817.249, 38.9889;
1600, 2000, 2.40227e+07, 1489.84, 75.5444, 726.444, 36.1211;
1600, 2100, 1.94095e+07, 1326.12, 71.0224, 650.986, 33.6195;
1600, 2200, 1.59855e+07, 1163.42, 64.6383, 585.12, 31.2399;
1600, 2300, 1.32677e+07, 1043.7, 59.9833, 516.056, 28.4332;
1600, 2400, 1.08636e+07, 934.218, 55.4613, 473.851, 25.6875;
1600, 2500, 9.08162e+06, 833.94, 52.2693, 422.054, 23.3079;
1600, 2600, 7.6943e+06, 749.011, 48.0133, 379.209, 20.9893;
1600, 2700, 6.46182e+06, 667.152, 44.2892, 330.609, 19.2809;
1600, 2800, 5.43994e+06, 597.572, 39.6342, 287.124, 17.8775;
1600, 2900, 4.58047e+06, 529.015, 35.9102, 255.79, 16.5962;
1600, 3000, 3.95717e+06, 493.201, 32.8512, 230.211, 15.681;
1600, 3100, 3.42733e+06, 447.156, 29.9252, 205.911, 14.6437;
1600, 3200, 2.97958e+06, 391.901, 27.3981, 182.89, 13.6675;
1600, 3300, 2.64158e+06, 348.925, 24.8711, 164.985, 12.2031;
1600, 3400, 2.31787e+06, 315.158, 22.7431, 145.8, 11.3489;
1600, 3500, 1.979e+06, 287.53, 20.7481, 133.011, 10.4336;
1600, 3600, 1.69549e+06, 261.949, 19.1521, 121.5, 9.39637;
1600, 3700, 1.46906e+06, 236.368, 17.9551, 113.187, 8.66419;
1600, 3800, 1.27707e+06, 206.694, 16.6251, 103.595, 8.2981;
1600, 3900, 1.08939e+06, 181.113, 15.4281, 88.887, 7.56591;
1600, 4000, 956520, 166.788, 14.7631, 81.2133, 7.07779;
1700, 100, 2.1701e+09, 2489.54, 106.667, 1234.19, 51.7411;
1700, 200, 1.51739e+09, 2485.45, 106.667, 1234.19, 51.7411;
1700, 300, 1.08472e+09, 2481.36, 106.667, 1230.35, 51.619;
1700, 400, 8.11159e+08, 2481.36, 106.401, 1226.51, 51.497;
1700, 500, 6.21756e+08, 2473.17, 106.268, 1222.68, 51.497;
1700, 600, 4.85275e+08, 2457.82, 105.47, 1216.28, 51.436;
1700, 700, 3.86047e+08, 2439.4, 105.204, 1208.61, 51.253;
1700, 800, 3.10293e+08, 2411.78, 104.805, 1193.9, 50.7648;
1700, 900, 2.50654e+08, 2395.4, 103.741, 1185.59, 50.2157;
1700, 1000, 1.94771e+08, 2375.96, 103.342, 1165.76, 49.8496;
1700, 1100, 1.58815e+08, 2349.36, 102.278, 1153.61, 49.4225;
1700, 1200, 1.31419e+08, 2302.29, 101.613, 1135.71, 48.5073;
1700, 1300, 1.00064e+08, 2255.22, 100.948, 1106.29, 47.8361;
1700, 1400, 8.20632e+07, 2186.66, 99.0855, 1064.09, 47.1649;
1700, 1500, 6.77498e+07, 2105.83, 96.6915, 1032.75, 45.8226;
1700, 1600, 5.5686e+07, 2024.99, 93.4995, 982.234, 44.6023;
1700, 1700, 4.50994e+07, 1901.18, 89.3765, 926.599, 42.7108;
1700, 1800, 3.63223e+07, 1748.72, 84.7214, 860.733, 40.6363;
1700, 1900, 2.97388e+07, 1592.16, 78.8694, 787.833, 38.0126;
1700, 2000, 2.3687e+07, 1427.42, 73.2834, 699.586, 35.511;
1700, 2100, 1.92127e+07, 1275.98, 69.1604, 629.243, 33.1924;
1700, 2200, 1.58436e+07, 1119.42, 62.9093, 565.935, 30.8128;
1700, 2300, 1.31553e+07, 1004.82, 58.6533, 501.988, 28.1891;
1700, 2400, 1.07614e+07, 898.404, 54.2643, 462.98, 25.5655;
1700, 2500, 9.01307e+06, 806.313, 51.3383, 413.101, 23.1859;
1700, 2600, 7.65816e+06, 723.43, 47.2152, 372.814, 20.9283;
1700, 2700, 6.4331e+06, 649.757, 43.7572, 324.853, 19.2809;
1700, 2800, 5.41915e+06, 582.223, 39.2352, 283.927, 17.8775;
1700, 2900, 4.57288e+06, 515.713, 35.7772, 252.593, 16.5962;
1700, 3000, 3.9562e+06, 480.923, 32.7182, 228.293, 15.681;
1700, 3100, 3.42673e+06, 434.877, 29.7922, 205.272, 14.6437;
1700, 3200, 2.97911e+06, 383.715, 27.2651, 182.25, 13.6675;
1700, 3300, 2.64141e+06, 341.762, 24.7381, 164.345, 12.2031;
1700, 3400, 2.31774e+06, 309.018, 22.6101, 145.161, 11.3489;
1700, 3500, 1.97887e+06, 284.461, 20.6151, 132.371, 10.4336;
1700, 3600, 1.69536e+06, 259.903, 19.1521, 120.861, 9.39637;
1700, 3700, 1.46897e+06, 234.322, 17.9551, 112.548, 8.66419;
1700, 3800, 1.27698e+06, 205.671, 16.6251, 102.955, 8.2981;
1700, 3900, 1.0893e+06, 181.113, 15.4281, 88.2476, 7.56591;
1700, 4000, 956520, 166.788, 14.7631, 80.5739, 7.07779;
1800, 100, 1.76648e+09, 2164.15, 97.0905, 1060.25, 46.4938;
1800, 200, 1.25445e+09, 2160.06, 97.0905, 1060.25, 46.4938;
1800, 300, 8.97582e+08, 2155.97, 97.0905, 1056.41, 46.4327;
1800, 400, 6.72647e+08, 2155.97, 96.9575, 1053.22, 46.3107;
1800, 500, 5.15737e+08, 2150.85, 96.8245, 1050.66, 46.3107;
1800, 600, 4.01824e+08, 2138.57, 96.2925, 1046.18, 46.2497;
1800, 700, 3.18192e+08, 2124.25, 96.1595, 1040.43, 46.1277;
1800, 800, 2.54366e+08, 2104.8, 95.7605, 1030.83, 45.8226;
1800, 900, 2.03888e+08, 2090.48, 94.9625, 1023.8, 45.2734;
1800, 1000, 1.64502e+08, 2075.13, 94.5635, 1009.09, 44.9684;
1800, 1100, 1.33329e+08, 2055.69, 93.8985, 999.5, 44.6023;
1800, 1200, 1.09466e+08, 2024.99, 93.3665, 985.431, 43.7481;
1800, 1300, 9.04942e+07, 1993.27, 92.8345, 963.689, 43.1989;
1800, 1400, 7.46536e+07, 1942.11, 91.1055, 932.994, 42.8938;
1800, 1500, 6.17699e+07, 1887.88, 89.5095, 908.694, 41.9786;
1800, 1600, 5.14044e+07, 1829.55, 87.3815, 875.441, 41.1244;
1800, 1700, 4.22785e+07, 1740.53, 84.4554, 838.352, 39.66;
1800, 1800, 3.45776e+07, 1637.18, 81.2634, 796.146, 38.2567;
1800, 1900, 2.87018e+07, 1512.35, 76.2094, 739.233, 36.1211;
1800, 2000, 2.32084e+07, 1362.95, 71.1554, 661.217, 33.8025;
1800, 2100, 1.89236e+07, 1225.84, 67.2984, 594.712, 31.545;
1800, 2200, 1.56269e+07, 1082.59, 61.7123, 537.159, 29.3484;
1800, 2300, 1.29781e+07, 978.217, 57.4563, 482.164, 26.9688;
1800, 2400, 1.06506e+07, 874.87, 53.3333, 446.354, 24.5282;
1800, 2500, 8.93819e+06, 786.871, 50.5403, 400.311, 22.3316;
1800, 2600, 7.59274e+06, 708.082, 46.4172, 360.664, 20.3792;
1800, 2700, 6.37562e+06, 635.432, 43.0922, 319.098, 18.8538;
1800, 2800, 5.36924e+06, 569.944, 38.8362, 280.09, 17.5114;
1800, 2900, 4.52376e+06, 507.527, 35.3782, 250.674, 16.3521;
1800, 3000, 3.92495e+06, 473.76, 32.3192, 227.653, 15.4369;
1800, 3100, 3.41285e+06, 427.714, 29.5262, 204.632, 14.3996;
1800, 3200, 2.97217e+06, 377.575, 27.1321, 181.611, 13.4844;
1800, 3300, 2.63447e+06, 337.669, 24.6051, 163.706, 12.0811;
1800, 3400, 2.31084e+06, 305.949, 22.4771, 144.521, 11.2268;
1800, 3500, 1.97201e+06, 281.391, 20.4821, 131.732, 10.3726;
1800, 3600, 1.68853e+06, 256.833, 19.0191, 120.221, 9.33536;
1800, 3700, 1.46846e+06, 232.275, 17.8221, 112.548, 8.60317;
1800, 3800, 1.27647e+06, 203.625, 16.4921, 102.955, 8.2981;
1800, 3900, 1.08916e+06, 179.067, 15.2951, 88.2476, 7.56591;
1800, 4000, 956387, 165.765, 14.6301, 80.5739, 7.07779;
1900, 100, 1.47236e+09, 1872.53, 86.9825, 950.26, 42.3447;
1900, 200, 1.05791e+09, 1868.44, 86.9825, 950.26, 42.3447;
1900, 300, 7.61245e+08, 1865.37, 86.9825, 947.063, 42.2837;
1900, 400, 5.7467e+08, 1865.37, 86.8495, 945.144, 42.1617;
1900, 500, 4.44098e+08, 1861.27, 86.7165, 942.586, 42.1617;
1900, 600, 3.48254e+08, 1853.09, 86.3175, 938.749, 42.1006;
1900, 700, 2.77973e+08, 1841.83, 86.1845, 932.994, 42.0396;
1900, 800, 2.24291e+08, 1826.48, 85.7855, 923.402, 41.7345;
1900, 900, 1.8119e+08, 1812.16, 85.3864, 917.647, 41.4295;
1900, 1000, 1.47281e+08, 1799.88, 84.9874, 905.497, 41.1854;
1900, 1100, 1.20241e+08, 1784.53, 84.3224, 897.823, 40.8803;
1900, 1200, 9.94068e+07, 1762.02, 83.9234, 888.231, 40.1481;
1900, 1300, 8.2702e+07, 1740.53, 83.3914, 870.326, 39.721;
1900, 1400, 6.85827e+07, 1707.79, 82.1944, 845.386, 39.477;
1900, 1500, 5.69539e+07, 1661.74, 80.9974, 825.562, 38.8058;
1900, 1600, 4.76546e+07, 1618.76, 79.5344, 797.425, 38.0126;
1900, 1700, 3.9621e+07, 1553.28, 77.4064, 771.846, 36.7923;
1900, 1800, 3.30733e+07, 1484.72, 75.0124, 739.233, 35.9381;
1900, 1900, 2.77883e+07, 1405.93, 71.5544, 700.865, 34.6568;
1900, 2000, 2.2615e+07, 1286.21, 67.5644, 636.278, 32.7653;
1900, 2100, 1.85654e+07, 1168.54, 64.5053, 576.167, 30.6297;
1900, 2200, 1.5379e+07, 1037.56, 59.3183, 520.533, 28.7383;
1900, 2300, 1.28402e+07, 947.52, 55.4613, 468.096, 26.4197;
1900, 2400, 1.05434e+07, 846.219, 51.3383, 433.564, 24.1621;
1900, 2500, 8.84758e+06, 765.383, 48.8113, 389.44, 22.0266;
1900, 2600, 7.50465e+06, 692.733, 44.8212, 352.351, 20.1351;
1900, 2700, 6.33161e+06, 622.13, 41.7622, 313.982, 18.6097;
1900, 2800, 5.34735e+06, 558.689, 37.9052, 276.253, 17.2674;
1900, 2900, 4.50306e+06, 499.341, 34.5802, 248.116, 16.1081;
1900, 3000, 3.91064e+06, 465.574, 31.5212, 225.735, 15.1928;
1900, 3100, 3.4054e+06, 420.551, 29.1272, 202.714, 14.1556;
1900, 3200, 2.97123e+06, 372.459, 26.8661, 180.332, 13.3624;
1900, 3300, 2.63393e+06, 332.553, 24.3391, 162.427, 12.02;
1900, 3400, 2.3106e+06, 301.856, 22.2111, 143.242, 11.1658;
1900, 3500, 1.97177e+06, 277.298, 20.2161, 130.453, 10.3116;
1900, 3600, 1.68833e+06, 252.74, 18.7531, 119.582, 9.33536;
1900, 3700, 1.46825e+06, 228.182, 17.5561, 111.908, 8.60317;
1900, 3800, 1.27626e+06, 199.532, 16.2261, 102.316, 8.2981;
1900, 3900, 1.089e+06, 175.997, 15.0291, 87.6081, 7.56591;
1900, 4000, 956219, 162.695, 14.4971, 80.5739, 7.07779;
2000, 100, 1.23413e+09, 1637.18, 78.3374, 825.562, 37.8906;
2000, 200, 8.9642e+08, 1633.09, 78.3374, 825.562, 37.8906;
2000, 300, 6.47085e+08, 1630.02, 78.3374, 823.004, 37.8906;
2000, 400, 4.93323e+08, 1630.02, 78.2044, 822.365, 37.7685;
2000, 500, 3.84664e+08, 1627.97, 78.0714, 821.086, 37.7685;
2000, 600, 3.04252e+08, 1620.81, 77.6724, 819.807, 37.7685;
2000, 700, 2.44391e+08, 1611.6, 77.5394, 814.691, 37.7685;
2000, 800, 1.98399e+08, 1602.39, 77.2734, 807.018, 37.4635;
2000, 900, 1.61247e+08, 1589.09, 77.0074, 803.181, 37.2194;
2000, 1000, 1.3192e+08, 1578.86, 76.6084, 793.589, 37.0364;
2000, 1100, 1.08471e+08, 1563.51, 75.9434, 787.833, 36.7923;
2000, 1200, 9.00735e+07, 1547.14, 75.6774, 779.52, 36.1211;
2000, 1300, 7.52997e+07, 1529.74, 75.4114, 763.533, 35.755;
2000, 1400, 6.25856e+07, 1505.19, 74.2144, 741.791, 35.511;
2000, 1500, 5.24556e+07, 1473.46, 73.4164, 728.362, 34.9008;
2000, 1600, 4.4129e+07, 1439.7, 72.6184, 709.178, 34.3517;
2000, 1700, 3.68874e+07, 1390.58, 70.8894, 689.354, 33.6805;
2000, 1800, 3.12653e+07, 1339.42, 69.4264, 662.496, 33.1314;
2000, 1900, 2.65372e+07, 1282.12, 67.2984, 636.917, 32.1551;
2000, 2000, 2.19368e+07, 1205.38, 64.2393, 594.072, 30.8128;
2000, 2100, 1.81656e+07, 1114.31, 61.9783, 548.03, 29.2264;
2000, 2200, 1.5109e+07, 999.705, 57.3233, 502.627, 27.579;
2000, 2300, 1.26574e+07, 916.823, 53.5993, 453.388, 25.3214;
2000, 2400, 1.04281e+07, 822.685, 49.6093, 419.496, 23.1859;
2000, 2500, 8.76042e+06, 746.965, 47.2152, 378.569, 21.1724;
2000, 2600, 7.44102e+06, 677.385, 43.7572, 342.759, 19.3419;
2000, 2700, 6.28229e+06, 608.827, 40.9642, 307.588, 17.9385;
2000, 2800, 5.30682e+06, 549.48, 37.5062, 271.777, 16.7792;
2000, 2900, 4.48093e+06, 492.178, 34.1812, 244.919, 15.6199;
2000, 3000, 3.90169e+06, 460.458, 31.3882, 223.816, 14.7657;
2000, 3100, 3.39695e+06, 415.435, 28.9942, 201.435, 13.8505;
2000, 3200, 2.96349e+06, 368.366, 26.7331, 179.693, 13.1183;
2000, 3300, 2.62626e+06, 329.483, 24.2061, 162.427, 11.837;
2000, 3400, 2.30304e+06, 298.786, 22.0781, 143.242, 11.1048;
2000, 3500, 1.9706e+06, 274.228, 20.0831, 130.453, 10.2506;
2000, 3600, 1.68729e+06, 250.694, 18.6201, 119.582, 9.27434;
2000, 3700, 1.46722e+06, 227.159, 17.4231, 111.908, 8.54216;
2000, 3800, 1.27523e+06, 198.508, 16.2261, 102.316, 8.23708;
2000, 3900, 1.08805e+06, 174.974, 15.0291, 87.6081, 7.5049;
2000, 4000, 955374, 161.672, 14.4971, 80.5739, 7.01677;
2100, 100, 1.04368e+09, 1423.33, 71.9534, 729.641, 34.1076;
2100, 200, 7.66741e+08, 1421.28, 71.9534, 729.641, 34.1076;
2100, 300, 5.55195e+08, 1420.26, 71.9534, 727.723, 34.1076;
2100, 400, 4.26724e+08, 1420.26, 71.8204, 727.083, 33.9856;
2100, 500, 3.3438e+08, 1419.23, 71.6874, 725.804, 33.9856;
2100, 600, 2.66395e+08, 1413.09, 71.4214, 725.165, 33.9856;
2100, 700, 2.15295e+08, 1404.91, 71.2884, 721.967, 33.9856;
2100, 800, 1.75096e+08, 1398.77, 71.0224, 714.933, 33.8025;
2100, 900, 1.43806e+08, 1389.56, 70.8894, 711.096, 33.5585;
2100, 1000, 1.18112e+08, 1383.42, 70.4904, 704.702, 33.4365;
2100, 1100, 9.74865e+07, 1369.09, 69.9584, 700.225, 33.1924;
2100, 1200, 8.1464e+07, 1355.79, 69.8254, 692.552, 32.7653;
2100, 1300, 6.82925e+07, 1341.47, 69.6924, 679.123, 32.4602;
2100, 1400, 5.69926e+07, 1322.03, 68.7614, 661.857, 32.3382;
2100, 1500, 4.81677e+07, 1298.49, 68.3624, 650.346, 31.85;
2100, 1600, 4.08625e+07, 1269.84, 67.5644, 636.917, 31.4229;
2100, 1700, 3.43141e+07, 1234.03, 66.1013, 622.209, 30.8738;
2100, 1800, 2.93387e+07, 1201.28, 65.0373, 604.943, 30.3857;
2100, 1900, 2.50317e+07, 1161.38, 63.0423, 585.759, 29.7755;
2100, 2000, 2.08925e+07, 1109.19, 60.6483, 551.867, 28.9823;
2100, 2100, 1.7558e+07, 1047.8, 58.7863, 517.335, 27.64;
2100, 2200, 1.47312e+07, 945.473, 54.9293, 478.967, 26.5417;
2100, 2300, 1.23869e+07, 872.823, 51.3383, 436.761, 24.5282;
2100, 2400, 1.02622e+07, 786.871, 48.0133, 406.706, 22.4537;
2100, 2500, 8.65325e+06, 717.291, 45.8852, 368.977, 20.7452;
2100, 2600, 7.37481e+06, 651.804, 42.9592, 334.445, 18.9148;
2100, 2700, 6.22503e+06, 587.339, 40.2992, 299.914, 17.5724;
2100, 2800, 5.26802e+06, 532.085, 36.8412, 266.022, 16.5962;
2100, 2900, 4.45133e+06, 478.876, 33.7822, 241.722, 15.4369;
2100, 3000, 3.87903e+06, 449.202, 30.9892, 220.619, 14.5827;
2100, 3100, 3.3815e+06, 406.226, 28.5952, 198.877, 13.6675;
2100, 3200, 2.94856e+06, 360.18, 26.6001, 177.135, 12.9353;
2100, 3300, 2.61181e+06, 325.39, 24.0731, 161.148, 11.715;
2100, 3400, 2.28865e+06, 295.716, 21.9451, 141.963, 11.1048;
2100, 3500, 1.9695e+06, 272.182, 19.9501, 129.813, 10.2506;
2100, 3600, 1.68653e+06, 249.67, 18.4871, 119.582, 9.27434;
2100, 3700, 1.46653e+06, 227.159, 17.2901, 111.908, 8.54216;
2100, 3800, 1.2748e+06, 198.508, 16.0931, 102.316, 8.23708;
2100, 3900, 1.08763e+06, 174.974, 14.8961, 87.6081, 7.5049;
2100, 4000, 954986, 161.672, 14.3641, 80.5739, 7.01677;
2200, 100, 8.90043e+08, 1245.28, 65.5693, 638.196, 30.5687;
2200, 200, 6.59223e+08, 1244.26, 65.5693, 638.196, 30.5687;
2200, 300, 4.77875e+08, 1243.24, 65.5693, 636.278, 30.5687;
2200, 400, 3.69827e+08, 1243.24, 65.4363, 635.638, 30.4467;
2200, 500, 2.92494e+08, 1242.21, 65.3033, 634.359, 30.4467;
2200, 600, 2.33808e+08, 1237.1, 65.1703, 633.72, 30.4467;
2200, 700, 1.90045e+08, 1230.96, 65.0373, 630.522, 30.4467;
2200, 800, 1.55192e+08, 1225.84, 64.9043, 625.407, 30.2636;
2200, 900, 1.28131e+08, 1217.65, 64.7713, 622.209, 30.0196;
2200, 1000, 1.05749e+08, 1211.52, 64.5053, 619.012, 29.8976;
2200, 1100, 8.79244e+07, 1202.31, 63.9733, 614.536, 29.8365;
2200, 1200, 7.3908e+07, 1191.05, 63.8403, 609.42, 29.5315;
2200, 1300, 6.23196e+07, 1179.8, 63.7073, 596.63, 29.2874;
2200, 1400, 5.21166e+07, 1163.42, 62.9093, 583.841, 29.1654;
2200, 1500, 4.42874e+07, 1143.98, 62.5103, 573.609, 28.8603;
2200, 1600, 3.77888e+07, 1123.52, 61.8453, 563.378, 28.4942;
2200, 1700, 3.17511e+07, 1094.87, 60.7813, 553.146, 28.1281;
2200, 1800, 2.73058e+07, 1069.29, 59.7173, 539.078, 27.823;
2200, 1900, 2.34478e+07, 1040.63, 58.3873, 525.009, 27.3349;
2200, 2000, 1.97664e+07, 999.705, 56.3923, 501.988, 26.7858;
2200, 2100, 1.67027e+07, 956.729, 55.1953, 475.769, 25.6875;
2200, 2200, 1.42182e+07, 884.079, 52.5353, 448.912, 24.7723;
2200, 2300, 1.20755e+07, 830.87, 49.4763, 418.217, 23.4299;
2200, 2400, 1.00666e+07, 755.151, 46.8162, 393.277, 21.7825;
2200, 2500, 8.49123e+06, 691.71, 44.6882, 357.467, 20.1961;
2200, 2600, 7.24763e+06, 632.362, 41.8952, 323.574, 18.4877;
2200, 2700, 6.14117e+06, 569.944, 39.3682, 291.601, 17.2063;
2200, 2800, 5.21132e+06, 516.736, 36.0432, 260.266, 16.4131;
2200, 2900, 4.4325e+06, 464.551, 32.9842, 238.524, 15.3149;
2200, 3000, 3.86135e+06, 436.923, 30.4572, 218.061, 14.5217;
2200, 3100, 3.36579e+06, 397.017, 28.0631, 197.598, 13.6675;
2200, 3200, 2.93388e+06, 350.971, 26.2011, 175.856, 12.9353;
2200, 3300, 2.60378e+06, 319.251, 23.8071, 159.869, 11.715;
2200, 3400, 2.28073e+06, 291.623, 21.6791, 141.324, 11.1048;
2200, 3500, 1.96194e+06, 269.112, 19.6841, 129.174, 10.2506;
2200, 3600, 1.67921e+06, 248.647, 18.4871, 118.942, 9.27434;
2200, 3700, 1.45928e+06, 226.136, 17.2901, 111.908, 8.54216;
2200, 3800, 1.26782e+06, 197.485, 16.0931, 102.316, 8.23708;
2200, 3900, 1.08068e+06, 174.974, 14.8961, 87.6081, 7.5049;
2200, 4000, 948040, 161.672, 14.3641, 80.5739, 7.01677;
2300, 100, 7.61305e+08, 1122.49, 58.7863, 564.657, 26.8468;
2300, 200, 5.69062e+08, 1121.47, 58.7863, 564.657, 26.8468;
2300, 300, 4.12424e+08, 1120.45, 58.7863, 562.738, 26.8468;
2300, 400, 3.21198e+08, 1120.45, 58.6533, 562.738, 26.7248;
2300, 500, 2.55311e+08, 1119.42, 58.5203, 561.459, 26.7248;
2300, 600, 2.04935e+08, 1118.4, 58.3873, 560.82, 26.7248;
2300, 700, 1.67282e+08, 1113.28, 58.2543, 557.622, 26.7248;
2300, 800, 1.3758e+08, 1109.19, 58.1213, 553.146, 26.5417;
2300, 900, 1.13854e+08, 1103.05, 57.9883, 549.949, 26.2976;
2300, 1000, 9.45935e+07, 1098.96, 57.8553, 546.751, 26.1756;
2300, 1100, 7.91308e+07, 1090.77, 57.4563, 542.275, 26.1146;
2300, 1200, 6.6774e+07, 1083.61, 57.4563, 537.159, 25.8705;
2300, 1300, 5.67144e+07, 1075.42, 57.3233, 526.288, 25.7485;
2300, 1400, 4.77531e+07, 1061.1, 56.7913, 517.975, 25.6265;
2300, 1500, 4.08249e+07, 1045.75, 56.5253, 508.383, 25.3824;
2300, 1600, 3.50618e+07, 1028.36, 55.9933, 500.709, 25.0773;
2300, 1700, 2.96109e+07, 1002.77, 55.0623, 493.035, 24.7112;
2300, 1800, 2.55843e+07, 979.24, 54.1313, 484.083, 24.4672;
2300, 1900, 2.20462e+07, 957.752, 52.9343, 475.13, 24.1621;
2300, 2000, 1.8598e+07, 927.055, 51.4713, 456.585, 23.735;
2300, 2100, 1.58774e+07, 893.288, 50.5403, 434.843, 23.0028;
2300, 2200, 1.36631e+07, 830.87, 48.9443, 415.659, 22.5757;
2300, 2300, 1.16857e+07, 793.011, 46.5502, 395.196, 21.8435;
2300, 2400, 9.83014e+06, 729.57, 43.8902, 374.732, 20.6232;
2300, 2500, 8.32476e+06, 674.315, 42.2942, 341.48, 19.0978;
2300, 2600, 7.12748e+06, 615.99, 39.9002, 312.064, 17.8165;
2300, 2700, 6.04983e+06, 557.665, 37.9052, 282.648, 16.6572;
2300, 2800, 5.15961e+06, 504.457, 34.9792, 252.593, 15.864;
2300, 2900, 4.40094e+06, 455.342, 32.0532, 232.129, 14.7657;
2300, 3000, 3.83675e+06, 428.737, 29.7922, 211.666, 13.9725;
2300, 3100, 3.34235e+06, 390.877, 27.5311, 193.121, 13.1793;
2300, 3200, 2.91761e+06, 346.878, 25.6691, 172.019, 12.5082;
2300, 3300, 2.58789e+06, 316.181, 23.4081, 156.032, 11.4099;
2300, 3400, 2.27228e+06, 288.554, 21.4131, 139.406, 10.7997;
2300, 3500, 1.95363e+06, 267.065, 19.4181, 127.895, 9.94551;
2300, 3600, 1.6712e+06, 246.601, 18.2211, 118.303, 9.03028;
2300, 3700, 1.45165e+06, 225.113, 17.0241, 111.908, 8.42013;
2300, 3800, 1.26039e+06, 196.462, 15.9601, 102.316, 8.11505;
2300, 3900, 1.07329e+06, 174.974, 14.7631, 87.6081, 7.44388;
2300, 4000, 941058, 161.672, 14.2311, 80.5739, 6.95576;
2400, 100, 6.54237e+08, 980.263, 53.3333, 501.988, 24.2841;
2400, 200, 4.92566e+08, 979.24, 53.3333, 501.988, 24.2841;
2400, 300, 3.56194e+08, 978.217, 53.3333, 500.07, 24.2841;
2400, 400, 2.795e+08, 978.217, 53.2003, 500.07, 24.1621;
2400, 500, 2.23324e+08, 977.194, 53.0673, 498.791, 24.1621;
2400, 600, 1.80834e+08, 976.17, 53.0673, 498.791, 24.1621;
2400, 700, 1.47884e+08, 972.077, 52.9343, 496.233, 24.1621;
2400, 800, 1.22175e+08, 967.984, 52.8013, 492.396, 24.0401;
2400, 900, 1.01503e+08, 964.915, 52.6683, 489.838, 23.857;
2400, 1000, 8.46784e+07, 960.822, 52.6683, 487.919, 23.735;
2400, 1100, 7.12316e+07, 956.729, 52.4023, 484.083, 23.674;
2400, 1200, 6.02301e+07, 951.613, 52.4023, 478.967, 23.4299;
2400, 1300, 5.12955e+07, 946.496, 52.2693, 468.735, 23.3079;
2400, 1400, 4.3572e+07, 932.171, 51.7373, 461.701, 23.1859;
2400, 1500, 3.7445e+07, 920.915, 51.4713, 454.027, 22.9418;
2400, 1600, 3.22819e+07, 907.613, 51.0723, 446.993, 22.6977;
2400, 1700, 2.73561e+07, 886.125, 50.2743, 443.156, 22.4537;
2400, 1800, 2.37465e+07, 870.777, 49.4763, 436.122, 22.2706;
2400, 1900, 2.05738e+07, 853.382, 48.4123, 427.809, 22.0876;
2400, 2000, 1.74465e+07, 830.87, 47.3482, 416.938, 21.7825;
2400, 2100, 1.5059e+07, 803.243, 46.6832, 400.311, 21.0503;
2400, 2200, 1.30131e+07, 761.29, 45.6192, 384.325, 20.6842;
2400, 2300, 1.12201e+07, 734.686, 43.7572, 370.896, 20.1961;
2400, 2400, 9.55404e+06, 691.71, 42.0282, 352.99, 19.3419;
2400, 2500, 8.1678e+06, 643.618, 40.8312, 327.411, 18.3046;
2400, 2600, 6.99091e+06, 590.409, 38.8362, 300.553, 17.4504;
2400, 2700, 5.98471e+06, 539.247, 36.9742, 274.335, 16.3521;
2400, 2800, 5.10461e+06, 489.108, 34.0482, 246.837, 15.5589;
2400, 2900, 4.3801e+06, 445.109, 31.3882, 227.014, 14.5217;
2400, 3000, 3.82375e+06, 420.551, 29.2602, 207.19, 13.7895;
2400, 3100, 3.3304e+06, 383.715, 26.9991, 189.924, 12.9963;
2400, 3200, 2.90674e+06, 341.762, 25.2701, 170.1, 12.3251;
2400, 3300, 2.57817e+06, 312.088, 23.1421, 154.753, 11.2879;
2400, 3400, 2.26356e+06, 285.484, 21.1471, 138.127, 10.6777;
2400, 3500, 1.94521e+06, 263.996, 19.2851, 126.616, 9.8845;
2400, 3600, 1.66293e+06, 243.531, 18.0881, 117.024, 8.96927;
2400, 3700, 1.44382e+06, 222.043, 17.0241, 110.629, 8.35911;
2400, 3800, 1.25901e+06, 194.415, 15.9601, 101.037, 8.05404;
2400, 3900, 1.07205e+06, 173.951, 14.7631, 86.3291, 7.38287;
2400, 4000, 939946, 160.649, 14.2311, 79.9344, 6.89474;
2500, 100, 5.66896e+08, 872.823, 49.4763, 441.238, 21.9656;
2500, 200, 4.29817e+08, 871.8, 49.4763, 441.238, 21.9656;
2500, 300, 3.09706e+08, 871.8, 49.4763, 439.319, 21.9656;
2500, 400, 2.44834e+08, 871.8, 49.4763, 439.319, 21.8435;
2500, 500, 1.96681e+08, 870.777, 49.3433, 438.04, 21.8435;
2500, 600, 1.59905e+08, 869.754, 49.3433, 438.04, 21.8435;
2500, 700, 1.3087e+08, 865.661, 49.2103, 435.483, 21.8435;
2500, 800, 1.08527e+08, 862.591, 49.0773, 432.285, 21.7215;
2500, 900, 9.05405e+07, 860.544, 48.9443, 429.727, 21.5995;
2500, 1000, 7.5839e+07, 856.451, 48.9443, 428.448, 21.4774;
2500, 1100, 6.41276e+07, 853.382, 48.6783, 424.611, 21.4164;
2500, 1200, 5.4565e+07, 849.289, 48.6783, 419.496, 21.1724;
2500, 1300, 4.66421e+07, 846.219, 48.5453, 409.904, 21.0503;
2500, 1400, 3.98956e+07, 832.917, 48.0133, 404.148, 20.9893;
2500, 1500, 3.43929e+07, 825.754, 47.7473, 398.393, 20.8063;
2500, 1600, 2.96749e+07, 814.499, 47.4812, 393.917, 20.5622;
2500, 1700, 2.52956e+07, 797.104, 46.6832, 391.359, 20.3792;
2500, 1800, 2.19451e+07, 782.778, 46.0182, 384.964, 20.1961;
2500, 1900, 1.9026e+07, 768.453, 45.3532, 379.848, 20.0131;
2500, 2000, 1.62133e+07, 750.035, 44.5552, 369.617, 19.891;
2500, 2100, 1.4095e+07, 729.57, 44.0232, 359.385, 19.3419;
2500, 2200, 1.22743e+07, 700.919, 43.0922, 348.514, 19.0978;
2500, 2300, 1.0658e+07, 678.408, 41.6292, 340.201, 18.7317;
2500, 2400, 9.13922e+06, 642.594, 40.1662, 326.132, 18.0606;
2500, 2500, 7.94379e+06, 606.781, 39.6342, 309.506, 17.3284;
2500, 2600, 6.83185e+06, 560.735, 37.6392, 287.124, 16.6572;
2500, 2700, 5.90479e+06, 516.736, 36.1762, 264.103, 15.6199;
2500, 2800, 5.05316e+06, 468.644, 33.3832, 239.803, 15.0098;
2500, 2900, 4.33678e+06, 431.807, 30.7232, 220.619, 14.0335;
2500, 3000, 3.7885e+06, 408.273, 28.7282, 202.714, 13.4234;
2500, 3100, 3.30301e+06, 371.436, 26.6001, 186.087, 12.7522;
2500, 3200, 2.88011e+06, 332.553, 25.0041, 167.542, 12.1421;
2500, 3300, 2.55268e+06, 304.925, 22.8761, 152.195, 11.1048;
2500, 3400, 2.23969e+06, 282.414, 21.0141, 136.208, 10.4947;
2500, 3500, 1.92871e+06, 261.949, 19.1521, 124.698, 9.70145;
2500, 3600, 1.64783e+06, 241.485, 17.9551, 115.745, 8.78622;
2500, 3700, 1.44192e+06, 219.996, 16.8911, 109.35, 8.17607;
2500, 3800, 1.25729e+06, 193.392, 15.8271, 100.398, 7.932;
2500, 3900, 1.07053e+06, 172.927, 14.6301, 85.6897, 7.38287;
2500, 4000, 939004, 160.649, 14.0981, 79.2949, 6.89474;
2600, 100, 4.94054e+08, 769.476, 45.6192, 391.998, 19.647;
2600, 200, 3.77029e+08, 768.453, 45.6192, 391.998, 19.647;
2600, 300, 2.7023e+08, 768.453, 45.6192, 390.719, 19.647;
2600, 400, 2.14995e+08, 768.453, 45.6192, 390.719, 19.5249;
2600, 500, 1.73571e+08, 767.43, 45.4862, 389.44, 19.5249;
2600, 600, 1.4166e+08, 767.43, 45.4862, 389.44, 19.5249;
2600, 700, 1.16328e+08, 764.36, 45.3532, 387.522, 19.5249;
2600, 800, 9.66875e+07, 761.29, 45.2202, 384.325, 19.4029;
2600, 900, 8.07504e+07, 759.244, 45.0872, 381.767, 19.2809;
2600, 1000, 6.78198e+07, 755.151, 45.0872, 381.127, 19.1588;
2600, 1100, 5.74436e+07, 753.104, 44.8212, 377.29, 19.0978;
2600, 1200, 4.89618e+07, 750.035, 44.8212, 372.175, 18.8538;
2600, 1300, 4.2014e+07, 746.965, 44.6882, 363.222, 18.7317;
2600, 1400, 3.59708e+07, 739.802, 44.2892, 358.746, 18.6707;
2600, 1500, 3.11004e+07, 734.686, 44.0232, 354.269, 18.5487;
2600, 1600, 2.68934e+07, 724.454, 43.7572, 351.072, 18.3046;
2600, 1700, 2.32002e+07, 711.151, 43.2252, 349.793, 18.1826;
2600, 1800, 2.01836e+07, 701.942, 42.6932, 345.956, 18.0606;
2600, 1900, 1.75939e+07, 688.64, 42.2942, 341.48, 17.9385;
2600, 2000, 1.50201e+07, 673.292, 41.6292, 333.167, 17.8165;
2600, 2100, 1.30956e+07, 656.92, 41.3632, 324.853, 17.4504;
2600, 2200, 1.14074e+07, 637.478, 40.5652, 314.622, 17.3284;
2600, 2300, 9.9979e+06, 620.083, 39.5012, 307.588, 17.0843;
2600, 2400, 8.64435e+06, 593.479, 38.5702, 298.635, 16.5962;
2600, 2500, 7.62419e+06, 567.898, 38.1712, 285.845, 16.1081;
2600, 2600, 6.61596e+06, 532.085, 36.7082, 269.858, 15.6199;
2600, 2700, 5.74381e+06, 496.271, 35.3782, 251.314, 14.8878;
2600, 2800, 4.94829e+06, 452.272, 32.8512, 230.211, 14.3386;
2600, 2900, 4.26456e+06, 416.458, 30.1912, 212.945, 13.6064;
2600, 3000, 3.73604e+06, 393.947, 28.1961, 195.679, 13.0573;
2600, 3100, 3.25889e+06, 361.204, 26.2011, 179.693, 12.3861;
2600, 3200, 2.84358e+06, 323.344, 24.6051, 162.427, 11.776;
2600, 3300, 2.52436e+06, 297.763, 22.4771, 148.358, 10.7997;
2600, 3400, 2.22942e+06, 276.275, 20.6151, 133.011, 10.2506;
2600, 3500, 1.9258e+06, 256.833, 18.8861, 122.14, 9.45739;
2600, 3600, 1.64506e+06, 236.368, 17.6891, 113.187, 8.60317;
2600, 3700, 1.4396e+06, 216.927, 16.6251, 107.432, 7.99302;
2600, 3800, 1.25557e+06, 192.369, 15.5611, 98.4792, 7.74896;
2600, 3900, 1.06894e+06, 171.904, 14.3641, 84.4107, 7.19982;
2600, 4000, 938084, 160.649, 13.9651, 78.6554, 6.7117;
2700, 100, 4.2278e+08, 679.431, 41.3632, 354.909, 18.5487;
2700, 200, 3.32087e+08, 678.408, 41.3632, 354.909, 18.5487;
2700, 300, 2.36276e+08, 678.408, 41.3632, 354.269, 18.5487;
2700, 400, 1.89442e+08, 678.408, 41.3632, 354.269, 18.4267;
2700, 500, 1.53606e+08, 678.408, 41.2302, 352.99, 18.4267;
2700, 600, 1.26215e+08, 678.408, 41.2302, 352.99, 18.4267;
2700, 700, 1.03927e+08, 677.385, 41.0972, 351.711, 18.4267;
2700, 800, 8.678e+07, 674.315, 40.9642, 349.793, 18.3046;
2700, 900, 7.27444e+07, 672.268, 40.9642, 347.874, 18.2436;
2700, 1000, 6.13212e+07, 669.199, 40.9642, 347.235, 18.1216;
2700, 1100, 5.21254e+07, 667.152, 40.8312, 344.038, 18.0606;
2700, 1200, 4.45742e+07, 664.082, 40.8312, 339.561, 17.8775;
2700, 1300, 3.83865e+07, 661.013, 40.8312, 331.888, 17.7555;
2700, 1400, 3.31368e+07, 655.896, 40.5652, 327.411, 17.6945;
2700, 1500, 2.8761e+07, 652.827, 40.4322, 324.853, 17.5724;
2700, 1600, 2.50144e+07, 643.618, 40.2992, 322.295, 17.3284;
2700, 1700, 2.16546e+07, 634.408, 39.7672, 321.016, 17.2674;
2700, 1800, 1.89491e+07, 627.246, 39.3682, 317.819, 17.1453;
2700, 1900, 1.65426e+07, 615.99, 39.1022, 313.982, 17.0843;
2700, 2000, 1.41677e+07, 604.735, 38.7032, 306.309, 16.9623;
2700, 2100, 1.24535e+07, 592.456, 38.5702, 298.635, 16.6572;
2700, 2200, 1.08263e+07, 576.084, 38.1712, 289.043, 16.5962;
2700, 2300, 9.45935e+06, 561.758, 37.2402, 283.287, 16.3521;
2700, 2400, 8.19125e+06, 543.34, 36.5752, 276.893, 15.986;
2700, 2500, 7.23838e+06, 522.875, 36.3092, 267.94, 15.5589;
2700, 2600, 6.31787e+06, 499.341, 35.1122, 253.872, 15.1318;
2700, 2700, 5.54569e+06, 473.76, 34.1812, 239.164, 14.4607;
2700, 2800, 4.8144e+06, 439.993, 31.9202, 221.898, 13.9725;
2700, 2900, 4.17611e+06, 408.273, 29.3932, 208.469, 13.3014;
2700, 3000, 3.67534e+06, 386.785, 27.6641, 191.843, 12.7522;
2700, 3100, 3.21344e+06, 357.111, 25.6691, 176.495, 12.0811;
2700, 3200, 2.81735e+06, 321.297, 24.2061, 159.229, 11.5929;
2700, 3300, 2.49949e+06, 296.739, 22.0781, 145.161, 10.7387;
2700, 3400, 2.20571e+06, 276.275, 20.2161, 130.453, 10.2506;
2700, 3500, 1.903e+06, 256.833, 18.6201, 120.221, 9.45739;
2700, 3600, 1.62271e+06, 236.368, 17.4231, 111.269, 8.60317;
2700, 3700, 1.43471e+06, 216.927, 16.3591, 106.153, 7.99302;
2700, 3800, 1.25095e+06, 192.369, 15.2951, 97.2002, 7.74896;
2700, 3900, 1.06517e+06, 171.904, 14.0981, 83.7712, 7.19982;
2700, 4000, 934816, 160.649, 13.6991, 78.016, 6.7117;
2800, 100, 3.70431e+08, 622.13, 37.5062, 308.866, 16.3521;
2800, 200, 2.93696e+08, 621.106, 37.5062, 308.866, 16.3521;
2800, 300, 2.07403e+08, 621.106, 37.5062, 308.227, 16.3521;
2800, 400, 1.67083e+08, 621.106, 37.5062, 308.227, 16.2301;
2800, 500, 1.36301e+08, 621.106, 37.3732, 306.948, 16.2301;
2800, 600, 1.12409e+08, 621.106, 37.3732, 306.948, 16.2301;
2800, 700, 9.31562e+07, 620.083, 37.2402, 305.669, 16.2301;
2800, 800, 7.79479e+07, 617.013, 37.1072, 304.39, 16.1691;
2800, 900, 6.56026e+07, 614.967, 37.1072, 303.751, 16.1081;
2800, 1000, 5.54193e+07, 612.92, 37.1072, 303.111, 16.1081;
2800, 1100, 4.72347e+07, 610.874, 36.9742, 299.914, 16.1081;
2800, 1200, 4.05857e+07, 607.804, 36.9742, 296.077, 15.986;
2800, 1300, 3.50544e+07, 604.735, 36.9742, 290.322, 15.864;
2800, 1400, 3.04194e+07, 601.665, 36.7082, 286.485, 15.803;
2800, 1500, 2.65497e+07, 599.618, 36.5752, 283.927, 15.742;
2800, 1600, 2.3138e+07, 590.409, 36.4422, 282.009, 15.4979;
2800, 1700, 2.01411e+07, 582.223, 35.9102, 280.73, 15.4369;
2800, 1800, 1.77343e+07, 576.084, 35.6442, 278.172, 15.3149;
2800, 1900, 1.54878e+07, 565.851, 35.3782, 274.335, 15.2539;
2800, 2000, 1.32996e+07, 554.596, 35.1122, 267.94, 15.1928;
2800, 2100, 1.17256e+07, 543.34, 34.9792, 260.906, 14.8878;
2800, 2200, 1.02677e+07, 527.992, 34.7132, 254.511, 14.8267;
2800, 2300, 9.03708e+06, 516.736, 34.0482, 249.395, 14.6437;
2800, 2400, 7.84467e+06, 502.411, 33.6492, 244.279, 14.5217;
2800, 2500, 6.96212e+06, 487.062, 33.3832, 237.245, 14.2166;
2800, 2600, 6.11228e+06, 468.644, 32.3192, 228.293, 13.9115;
2800, 2700, 5.43784e+06, 449.202, 31.6542, 219.979, 13.5454;
2800, 2800, 4.73048e+06, 422.598, 30.0582, 206.55, 13.2403;
2800, 2900, 4.10238e+06, 400.087, 27.9301, 195.04, 12.5692;
2800, 3000, 3.63625e+06, 379.622, 26.6001, 180.971, 12.1421;
2800, 3100, 3.18206e+06, 351.994, 24.7381, 166.264, 11.5929;
2800, 3200, 2.78689e+06, 317.204, 23.5411, 150.277, 11.2268;
2800, 3300, 2.47632e+06, 294.693, 21.4131, 136.848, 10.4336;
2800, 3400, 2.18349e+06, 274.228, 19.6841, 123.419, 10.0065;
2800, 3500, 1.88146e+06, 254.787, 18.0881, 113.187, 9.27434;
2800, 3600, 1.60144e+06, 234.322, 17.0241, 105.513, 8.48114;
2800, 3700, 1.41391e+06, 214.88, 15.9601, 101.677, 7.87099;
2800, 3800, 1.24823e+06, 190.323, 14.8961, 94.0028, 7.68794;
2800, 3900, 1.06252e+06, 169.858, 13.6991, 80.5739, 7.1388;
2800, 4000, 932636, 159.625, 13.3001, 74.8186, 6.65068;
2900, 100, 3.26888e+08, 565.851, 33.2502, 271.137, 15.1318;
2900, 200, 2.62016e+08, 564.828, 33.2502, 271.137, 15.1318;
2900, 300, 1.83447e+08, 564.828, 33.2502, 270.498, 15.1318;
2900, 400, 1.48487e+08, 564.828, 33.2502, 270.498, 15.0708;
2900, 500, 1.21572e+08, 564.828, 33.1172, 269.219, 15.0708;
2900, 600, 1.00648e+08, 564.828, 33.1172, 269.219, 15.0708;
2900, 700, 8.37206e+07, 563.805, 32.9842, 267.94, 15.0708;
2900, 800, 7.02208e+07, 562.782, 32.9842, 266.661, 15.0098;
2900, 900, 5.92765e+07, 560.735, 32.9842, 266.022, 14.9488;
2900, 1000, 5.0182e+07, 559.712, 32.9842, 265.382, 14.9488;
2900, 1100, 4.29241e+07, 557.665, 32.9842, 262.824, 14.9488;
2900, 1200, 3.71158e+07, 555.619, 32.9842, 259.627, 14.8267;
2900, 1300, 3.21576e+07, 552.549, 32.9842, 255.151, 14.7657;
2900, 1400, 2.79908e+07, 550.503, 32.7182, 251.314, 14.7047;
2900, 1500, 2.45566e+07, 548.456, 32.5852, 248.756, 14.6437;
2900, 1600, 2.14707e+07, 539.247, 32.4522, 247.477, 14.6437;
2900, 1700, 1.87577e+07, 532.085, 32.1862, 246.198, 14.5827;
2900, 1800, 1.66428e+07, 526.968, 31.9202, 244.279, 14.4607;
2900, 1900, 1.46393e+07, 517.759, 31.6542, 240.443, 14.3996;
2900, 2000, 1.26289e+07, 509.573, 31.3882, 235.966, 14.3386;
2900, 2100, 1.11918e+07, 499.341, 31.2552, 230.851, 14.2166;
2900, 2200, 9.86454e+06, 487.062, 31.1222, 225.735, 14.1556;
2900, 2300, 8.74087e+06, 478.876, 30.5902, 223.177, 13.9725;
2900, 2400, 7.58765e+06, 469.667, 30.1912, 219.34, 13.8505;
2900, 2500, 6.75167e+06, 457.388, 30.0582, 214.224, 13.5454;
2900, 2600, 5.94346e+06, 442.039, 29.5262, 206.55, 13.2403;
2900, 2700, 5.29841e+06, 426.691, 28.9942, 202.074, 12.9353;
2900, 2800, 4.62745e+06, 408.273, 28.3291, 193.121, 12.7522;
2900, 2900, 4.04514e+06, 389.854, 26.4671, 184.808, 12.2641;
2900, 3000, 3.60146e+06, 370.413, 25.5361, 172.658, 11.898;
2900, 3100, 3.15226e+06, 344.832, 24.2061, 159.869, 11.3489;
2900, 3200, 2.76628e+06, 314.135, 23.1421, 145.8, 10.9828;
2900, 3300, 2.45714e+06, 291.623, 21.0141, 133.65, 10.3116;
2900, 3400, 2.17212e+06, 271.158, 19.4181, 120.861, 9.8845;
2900, 3500, 1.87067e+06, 251.717, 17.9551, 111.269, 9.15231;
2900, 3600, 1.59115e+06, 231.252, 16.8911, 104.234, 8.35911;
2900, 3700, 1.40413e+06, 212.834, 15.8271, 100.398, 7.74896;
2900, 3800, 1.24501e+06, 188.276, 14.7631, 92.7239, 7.56591;
2900, 3900, 1.05961e+06, 167.811, 13.5661, 79.9344, 7.01677;
2900, 4000, 929762, 158.602, 13.1671, 74.1791, 6.52865;
3000, 100, 2.88778e+08, 513.666, 30.8562, 241.082, 14.0946;
3000, 200, 2.33546e+08, 512.643, 30.8562, 241.082, 14.0946;
3000, 300, 1.61516e+08, 512.643, 30.8562, 240.443, 14.0946;
3000, 400, 1.31241e+08, 512.643, 30.8562, 240.443, 14.0335;
3000, 500, 1.07964e+08, 512.643, 30.7232, 239.164, 14.0335;
3000, 600, 8.98739e+07, 512.643, 30.7232, 239.164, 14.0335;
3000, 700, 7.49545e+07, 511.62, 30.5902, 237.885, 14.0335;
3000, 800, 6.29893e+07, 510.596, 30.5902, 237.245, 13.9725;
3000, 900, 5.32272e+07, 508.55, 30.5902, 236.606, 13.9115;
3000, 1000, 4.52247e+07, 507.527, 30.5902, 235.966, 13.9115;
3000, 1100, 3.88024e+07, 505.48, 30.5902, 233.408, 13.9115;
3000, 1200, 3.36131e+07, 504.457, 30.5902, 231.49, 13.7895;
3000, 1300, 2.92596e+07, 501.387, 30.5902, 227.014, 13.7285;
3000, 1400, 2.55891e+07, 499.341, 30.3242, 223.177, 13.6675;
3000, 1500, 2.25006e+07, 497.294, 30.1912, 220.619, 13.6064;
3000, 1600, 1.97243e+07, 489.108, 30.0582, 219.34, 13.6064;
3000, 1700, 1.73618e+07, 481.946, 29.7922, 218.7, 13.5454;
3000, 1800, 1.54688e+07, 478.876, 29.5262, 216.782, 13.4234;
3000, 1900, 1.36401e+07, 469.667, 29.2602, 214.224, 13.3624;
3000, 2000, 1.18105e+07, 462.504, 28.9942, 210.387, 13.3014;
3000, 2100, 1.04806e+07, 455.342, 28.8612, 206.55, 13.1793;
3000, 2200, 9.23024e+06, 447.156, 28.7282, 202.714, 13.1183;
3000, 2300, 8.25795e+06, 439.993, 28.3291, 200.795, 12.9963;
3000, 2400, 7.21917e+06, 432.83, 27.9301, 198.877, 12.8743;
3000, 2500, 6.43115e+06, 421.575, 27.7971, 195.04, 12.6302;
3000, 2600, 5.67995e+06, 408.273, 27.3981, 188.645, 12.4471;
3000, 2700, 5.07664e+06, 393.947, 27.1321, 184.169, 12.2641;
3000, 2800, 4.45629e+06, 381.668, 26.4671, 177.135, 12.1421;
3000, 2900, 3.94536e+06, 368.366, 25.1371, 170.1, 11.837;
3000, 3000, 3.51269e+06, 355.064, 24.3391, 160.508, 11.5319;
3000, 3100, 3.08645e+06, 336.646, 23.4081, 151.556, 11.1048;
3000, 3200, 2.71538e+06, 306.972, 22.4771, 138.127, 10.7387;
3000, 3300, 2.40781e+06, 284.461, 20.4821, 127.256, 10.1286;
3000, 3400, 2.12421e+06, 265.019, 18.8861, 117.024, 9.70145;
3000, 3500, 1.84074e+06, 248.647, 17.5561, 108.071, 9.03028;
3000, 3600, 1.56827e+06, 229.206, 16.4921, 101.677, 8.2981;
3000, 3700, 1.38176e+06, 210.787, 15.4281, 98.4792, 7.68794;
3000, 3800, 1.22307e+06, 187.253, 14.3641, 90.8055, 7.5049;
3000, 3900, 1.05517e+06, 166.788, 13.3001, 78.6554, 6.95576;
3000, 4000, 926333, 157.579, 12.9011, 72.9002, 6.46763;
3100, 100, 2.55594e+08, 459.435, 28.4621, 214.864, 13.2403;
3100, 200, 2.08509e+08, 458.411, 28.4621, 214.864, 13.2403;
3100, 300, 1.4226e+08, 458.411, 28.4621, 214.224, 13.2403;
3100, 400, 1.16298e+08, 458.411, 28.4621, 214.224, 13.1793;
3100, 500, 9.6048e+07, 458.411, 28.3291, 212.945, 13.1793;
3100, 600, 8.04669e+07, 458.411, 28.3291, 212.945, 13.1793;
3100, 700, 6.73506e+07, 457.388, 28.1961, 211.666, 13.1793;
3100, 800, 5.67696e+07, 456.365, 28.1961, 211.027, 13.1183;
3100, 900, 4.81304e+07, 455.342, 28.1961, 210.387, 13.0573;
3100, 1000, 4.09581e+07, 454.318, 28.1961, 209.748, 13.0573;
3100, 1100, 3.52491e+07, 452.272, 28.1961, 207.19, 13.0573;
3100, 1200, 3.0636e+07, 451.249, 28.1961, 205.272, 12.9963;
3100, 1300, 2.67106e+07, 449.202, 28.1961, 201.435, 12.9353;
3100, 1400, 2.34331e+07, 447.156, 27.9301, 198.237, 12.8743;
3100, 1500, 2.06793e+07, 445.109, 27.7971, 196.958, 12.8743;
3100, 1600, 1.81829e+07, 437.946, 27.6641, 195.679, 12.8743;
3100, 1700, 1.60329e+07, 430.784, 27.5311, 195.04, 12.8132;
3100, 1800, 1.4311e+07, 427.714, 27.2651, 193.761, 12.7522;
3100, 1900, 1.26467e+07, 423.621, 26.9991, 191.203, 12.6912;
3100, 2000, 1.09789e+07, 417.482, 26.8661, 187.366, 12.6302;
3100, 2100, 9.79424e+06, 411.342, 26.7331, 184.808, 12.5082;
3100, 2200, 8.62352e+06, 406.226, 26.6001, 182.25, 12.4471;
3100, 2300, 7.72142e+06, 399.063, 26.2011, 180.332, 12.3861;
3100, 2400, 6.78158e+06, 394.97, 25.8021, 179.693, 12.2641;
3100, 2500, 6.02064e+06, 385.761, 25.6691, 176.495, 12.02;
3100, 2600, 5.3374e+06, 376.552, 25.2701, 171.379, 11.837;
3100, 2700, 4.76632e+06, 367.343, 25.1371, 168.821, 11.6539;
3100, 2800, 4.25474e+06, 356.087, 24.7381, 164.345, 11.5319;
3100, 2900, 3.77967e+06, 344.832, 23.6741, 159.229, 11.2879;
3100, 3000, 3.38252e+06, 335.623, 23.0091, 151.556, 11.1658;
3100, 3100, 2.98312e+06, 321.297, 22.2111, 143.882, 10.8607;
3100, 3200, 2.63302e+06, 295.716, 21.8121, 132.371, 10.5557;
3100, 3300, 2.34004e+06, 274.228, 20.0831, 122.14, 10.0065;
3100, 3400, 2.07138e+06, 256.833, 18.6201, 111.908, 9.57942;
3100, 3500, 1.79554e+06, 240.461, 17.2901, 104.234, 8.90825;
3100, 3600, 1.54133e+06, 223.066, 16.2261, 98.4792, 8.17607;
3100, 3700, 1.35548e+06, 205.671, 15.1621, 95.9213, 7.56591;
3100, 3800, 1.21136e+06, 182.137, 14.0981, 88.887, 7.38287;
3100, 3900, 1.05068e+06, 163.718, 13.0341, 76.737, 6.83373;
3100, 4000, 922707, 155.532, 12.6351, 72.2607, 6.3456;
3200, 100, 2.28261e+08, 421.575, 25.6691, 188.645, 11.715;
3200, 200, 1.87711e+08, 420.551, 25.6691, 188.645, 11.715;
3200, 300, 1.26078e+08, 420.551, 25.6691, 188.006, 11.715;
3200, 400, 1.03499e+08, 420.551, 25.6691, 188.006, 11.6539;
3200, 500, 8.58811e+07, 420.551, 25.5361, 188.006, 11.6539;
3200, 600, 7.21384e+07, 420.551, 25.5361, 188.006, 11.6539;
3200, 700, 6.05194e+07, 419.528, 25.5361, 187.366, 11.6539;
3200, 800, 5.10889e+07, 418.505, 25.5361, 187.366, 11.5929;
3200, 900, 4.35177e+07, 417.482, 25.5361, 186.727, 11.5319;
3200, 1000, 3.71278e+07, 416.458, 25.5361, 186.087, 11.5319;
3200, 1100, 3.20677e+07, 414.412, 25.5361, 183.529, 11.5319;
3200, 1200, 2.79117e+07, 413.389, 25.5361, 182.25, 11.4709;
3200, 1300, 2.44286e+07, 411.342, 25.5361, 178.414, 11.4099;
3200, 1400, 2.15027e+07, 409.296, 25.2701, 175.856, 11.4099;
3200, 1500, 1.90384e+07, 407.249, 25.1371, 174.577, 11.4099;
3200, 1600, 1.67599e+07, 401.11, 25.0041, 173.298, 11.4099;
3200, 1700, 1.48518e+07, 393.947, 24.8711, 172.658, 11.4099;
3200, 1800, 1.32759e+07, 391.901, 24.6051, 171.379, 11.3489;
3200, 1900, 1.17481e+07, 388.831, 24.3391, 170.1, 11.2879;
3200, 2000, 1.02181e+07, 382.692, 24.2061, 166.903, 11.2268;
3200, 2100, 9.1284e+06, 376.552, 24.0731, 164.985, 11.1048;
3200, 2200, 8.07416e+06, 371.436, 23.9401, 163.066, 11.0438;
3200, 2300, 7.21963e+06, 367.343, 23.5411, 161.148, 11.0438;
3200, 2400, 6.37526e+06, 365.296, 23.1421, 160.508, 10.9828;
3200, 2500, 5.65367e+06, 359.157, 23.0091, 157.311, 10.7997;
3200, 2600, 5.0033e+06, 350.971, 23.0091, 153.474, 10.7387;
3200, 2700, 4.46442e+06, 343.808, 22.8761, 151.556, 10.6777;
3200, 2800, 3.98265e+06, 333.576, 22.4771, 147.079, 10.5557;
3200, 2900, 3.53921e+06, 323.344, 21.6791, 143.242, 10.3726;
3200, 3000, 3.16388e+06, 315.158, 21.0141, 139.406, 10.2506;
3200, 3100, 2.82655e+06, 304.925, 20.3491, 133.65, 9.94551;
3200, 3200, 2.5302e+06, 284.461, 19.9501, 123.419, 9.70145;
3200, 3300, 2.25178e+06, 263.996, 18.8861, 115.745, 9.27434;
3200, 3400, 2.01e+06, 248.647, 17.6891, 105.513, 8.96927;
3200, 3500, 1.75297e+06, 234.322, 16.6251, 99.7581, 8.2981;
3200, 3600, 1.51732e+06, 217.95, 15.5611, 94.0028, 7.80997;
3200, 3700, 1.33319e+06, 200.555, 14.6301, 91.4449, 7.26084;
3200, 3800, 1.18944e+06, 178.044, 13.8321, 85.6897, 7.07779;
3200, 3900, 1.02912e+06, 159.625, 12.7681, 75.4581, 6.58967;
3200, 4000, 902142, 151.439, 12.3691, 70.9817, 6.10154;
3300, 100, 2.03784e+08, 378.599, 24.4721, 170.1, 10.6167;
3300, 200, 1.68793e+08, 377.575, 24.4721, 170.1, 10.6167;
3300, 300, 1.1119e+08, 377.575, 24.4721, 169.461, 10.6167;
3300, 400, 9.14905e+07, 377.575, 24.4721, 169.461, 10.5557;
3300, 500, 7.61702e+07, 377.575, 24.3391, 169.461, 10.5557;
3300, 600, 6.41495e+07, 377.575, 24.3391, 169.461, 10.5557;
3300, 700, 5.37905e+07, 377.575, 24.3391, 168.821, 10.5557;
3300, 800, 4.57177e+07, 376.552, 24.3391, 168.821, 10.4947;
3300, 900, 3.92137e+07, 376.552, 24.3391, 168.182, 10.4336;
3300, 1000, 3.34774e+07, 375.529, 24.3391, 167.542, 10.4336;
3300, 1100, 2.90443e+07, 373.482, 24.3391, 165.624, 10.4336;
3300, 1200, 2.53199e+07, 372.459, 24.3391, 164.345, 10.3726;
3300, 1300, 2.21806e+07, 370.413, 24.3391, 161.787, 10.3726;
3300, 1400, 1.95523e+07, 369.389, 24.0731, 159.229, 10.3726;
3300, 1500, 1.73244e+07, 368.366, 23.9401, 157.95, 10.3726;
3300, 1600, 1.53028e+07, 362.227, 23.8071, 156.671, 10.3726;
3300, 1700, 1.35851e+07, 356.087, 23.6741, 156.032, 10.3726;
3300, 1800, 1.21637e+07, 354.041, 23.4081, 155.392, 10.3116;
3300, 1900, 1.07675e+07, 350.971, 23.1421, 154.753, 10.2506;
3300, 2000, 9.62774e+06, 345.855, 23.1421, 151.556, 10.1896;
3300, 2100, 8.62524e+06, 341.762, 23.0091, 149.637, 10.1896;
3300, 2200, 7.65229e+06, 337.669, 22.8761, 148.358, 10.1896;
3300, 2300, 6.86593e+06, 333.576, 22.4771, 147.079, 10.1896;
3300, 2400, 6.08023e+06, 331.53, 22.2111, 146.44, 10.1286;
3300, 2500, 5.42129e+06, 326.413, 22.0781, 143.882, 9.94551;
3300, 2600, 4.81204e+06, 319.251, 22.0781, 140.045, 9.8845;
3300, 2700, 4.30398e+06, 314.135, 21.9451, 138.766, 9.8845;
3300, 2800, 3.88073e+06, 305.949, 21.5461, 134.929, 9.76247;
3300, 2900, 3.4533e+06, 298.786, 20.7481, 131.092, 9.57942;
3300, 3000, 3.09022e+06, 290.6, 20.0831, 127.256, 9.51841;
3300, 3100, 2.78225e+06, 282.414, 19.4181, 122.14, 9.33536;
3300, 3200, 2.48886e+06, 265.019, 19.1521, 116.384, 9.21333;
3300, 3300, 2.21913e+06, 252.74, 18.2211, 108.711, 8.96927;
3300, 3400, 1.98648e+06, 241.485, 17.0241, 100.398, 8.78622;
3300, 3500, 1.73063e+06, 230.229, 16.0931, 96.5607, 8.17607;
3300, 3600, 1.50228e+06, 214.88, 15.1621, 91.4449, 7.68794;
3300, 3700, 1.32641e+06, 198.508, 14.3641, 88.887, 7.1388;
3300, 3800, 1.18294e+06, 175.997, 13.5661, 84.4107, 6.95576;
3300, 3900, 1.02341e+06, 157.579, 12.5021, 74.1791, 6.46763;
3300, 4000, 897336, 149.393, 12.1031, 69.7028, 5.97951;
3400, 100, 1.83456e+08, 336.646, 22.0781, 154.753, 9.70145;
3400, 200, 1.53158e+08, 336.646, 22.0781, 154.753, 9.70145;
3400, 300, 9.92241e+07, 336.646, 22.0781, 154.113, 9.70145;
3400, 400, 8.19581e+07, 336.646, 22.0781, 154.113, 9.64044;
3400, 500, 6.84641e+07, 336.646, 21.9451, 154.113, 9.64044;
3400, 600, 5.79319e+07, 336.646, 21.9451, 154.113, 9.64044;
3400, 700, 4.87444e+07, 336.646, 21.9451, 153.474, 9.64044;
3400, 800, 4.1521e+07, 335.623, 21.9451, 153.474, 9.57942;
3400, 900, 3.57649e+07, 335.623, 21.9451, 152.835, 9.57942;
3400, 1000, 3.05593e+07, 334.599, 21.9451, 152.195, 9.57942;
3400, 1100, 2.65874e+07, 332.553, 21.9451, 150.277, 9.57942;
3400, 1200, 2.32225e+07, 331.53, 21.9451, 148.998, 9.51841;
3400, 1300, 2.0435e+07, 329.483, 21.9451, 147.079, 9.51841;
3400, 1400, 1.80307e+07, 329.483, 21.8121, 144.521, 9.51841;
3400, 1500, 1.5997e+07, 328.46, 21.6791, 143.882, 9.51841;
3400, 1600, 1.41646e+07, 323.344, 21.5461, 142.603, 9.51841;
3400, 1700, 1.26129e+07, 320.274, 21.4131, 141.963, 9.51841;
3400, 1800, 1.13086e+07, 318.227, 21.1471, 141.324, 9.45739;
3400, 1900, 1.00627e+07, 315.158, 20.8811, 141.324, 9.45739;
3400, 2000, 8.99772e+06, 311.065, 20.8811, 138.766, 9.39637;
3400, 2100, 8.09443e+06, 307.995, 20.7481, 136.848, 9.39637;
3400, 2200, 7.21737e+06, 303.902, 20.7481, 136.208, 9.39637;
3400, 2300, 6.48528e+06, 299.809, 20.3491, 135.569, 9.39637;
3400, 2400, 5.75426e+06, 298.786, 20.3491, 134.929, 9.33536;
3400, 2500, 5.13527e+06, 294.693, 20.3491, 132.371, 9.15231;
3400, 2600, 4.56479e+06, 287.53, 20.3491, 129.174, 9.0913;
3400, 2700, 4.09637e+06, 283.437, 20.2161, 127.895, 9.0913;
3400, 2800, 3.70373e+06, 277.298, 19.8171, 124.058, 9.0913;
3400, 2900, 3.29927e+06, 271.158, 19.0191, 121.5, 8.90825;
3400, 3000, 2.95679e+06, 263.996, 18.6201, 118.303, 8.90825;
3400, 3100, 2.65914e+06, 258.88, 18.0881, 113.827, 8.72521;
3400, 3200, 2.39916e+06, 243.531, 17.8221, 109.35, 8.60317;
3400, 3300, 2.15033e+06, 234.322, 17.1571, 103.595, 8.48114;
3400, 3400, 1.9365e+06, 229.206, 16.4921, 98.4792, 8.35911;
3400, 3500, 1.71486e+06, 218.973, 15.8271, 95.2818, 7.80997;
3400, 3600, 1.48833e+06, 205.671, 15.0291, 90.166, 7.44388;
3400, 3700, 1.31427e+06, 190.323, 14.2311, 87.6081, 6.95576;
3400, 3800, 1.17222e+06, 168.835, 13.4331, 83.1318, 6.83373;
3400, 3900, 1.01985e+06, 152.463, 12.3691, 73.5396, 6.3456;
3400, 4000, 894211, 144.277, 11.9701, 69.0633, 5.85748;
3500, 100, 1.65466e+08, 301.856, 20.0831, 137.487, 9.15231;
3500, 200, 1.39165e+08, 301.856, 20.0831, 137.487, 9.15231;
3500, 300, 8.84107e+07, 301.856, 20.0831, 137.487, 9.15231;
3500, 400, 7.3382e+07, 301.856, 20.0831, 137.487, 9.0913;
3500, 500, 6.16061e+07, 301.856, 20.0831, 137.487, 9.0913;
3500, 600, 5.23098e+07, 301.856, 20.0831, 137.487, 9.0913;
3500, 700, 4.40472e+07, 301.856, 20.0831, 136.848, 9.0913;
3500, 800, 3.76247e+07, 300.832, 20.0831, 136.848, 9.03028;
3500, 900, 3.25154e+07, 300.832, 20.0831, 136.208, 9.03028;
3500, 1000, 2.77991e+07, 299.809, 20.0831, 135.569, 9.03028;
3500, 1100, 2.42145e+07, 297.763, 20.0831, 133.65, 9.03028;
3500, 1200, 2.11717e+07, 296.739, 20.0831, 132.371, 9.03028;
3500, 1300, 1.86588e+07, 294.693, 20.0831, 130.453, 9.03028;
3500, 1400, 1.64582e+07, 294.693, 19.9501, 127.895, 9.03028;
3500, 1500, 1.46564e+07, 293.67, 19.8171, 127.256, 9.03028;
3500, 1600, 1.29759e+07, 288.554, 19.8171, 126.616, 9.03028;
3500, 1700, 1.15919e+07, 286.507, 19.6841, 125.977, 9.03028;
3500, 1800, 1.03952e+07, 284.461, 19.5511, 125.337, 8.96927;
3500, 1900, 9.24652e+06, 281.391, 19.4181, 125.337, 8.96927;
3500, 2000, 8.2839e+06, 278.321, 19.4181, 124.058, 8.90825;
3500, 2100, 7.46828e+06, 276.275, 19.2851, 122.14, 8.90825;
3500, 2200, 6.66005e+06, 272.182, 19.2851, 121.5, 8.90825;
3500, 2300, 5.99618e+06, 269.112, 18.8861, 120.861, 8.90825;
3500, 2400, 5.35803e+06, 269.112, 18.8861, 120.221, 8.84724;
3500, 2500, 4.79456e+06, 266.042, 18.8861, 118.303, 8.72521;
3500, 2600, 4.28951e+06, 259.903, 18.8861, 116.384, 8.66419;
3500, 2700, 3.85481e+06, 255.81, 18.7531, 115.106, 8.66419;
3500, 2800, 3.49354e+06, 251.717, 18.4871, 111.269, 8.66419;
3500, 2900, 3.14712e+06, 246.601, 17.6891, 108.711, 8.48114;
3500, 3000, 2.81141e+06, 241.485, 17.4231, 106.792, 8.48114;
3500, 3100, 2.5314e+06, 236.368, 16.8911, 103.595, 8.35911;
3500, 3200, 2.29301e+06, 224.089, 16.7581, 100.398, 8.2981;
3500, 3300, 2.06667e+06, 216.927, 16.2261, 95.2818, 8.17607;
3500, 3400, 1.86747e+06, 214.88, 15.6941, 92.7239, 8.05404;
3500, 3500, 1.68563e+06, 205.671, 15.2951, 90.8055, 7.56591;
3500, 3600, 1.46685e+06, 195.439, 14.4971, 85.6897, 7.26084;
3500, 3700, 1.30021e+06, 182.137, 13.6991, 83.1318, 6.77271;
3500, 3800, 1.15884e+06, 161.672, 13.0341, 79.2949, 6.65068;
3500, 3900, 1.00758e+06, 146.323, 11.9701, 71.6212, 6.16256;
3500, 4000, 888710, 138.137, 11.5711, 67.7844, 5.73545;
3600, 100, 1.49853e+08, 268.089, 19.5511, 120.861, 8.66419;
3600, 200, 1.26896e+08, 268.089, 19.5511, 120.861, 8.66419;
3600, 300, 7.86663e+07, 268.089, 19.5511, 120.861, 8.66419;
3600, 400, 6.54297e+07, 268.089, 19.5511, 120.861, 8.60317;
3600, 500, 5.50457e+07, 268.089, 19.5511, 120.861, 8.60317;
3600, 600, 4.6847e+07, 268.089, 19.5511, 120.861, 8.60317;
3600, 700, 3.94717e+07, 268.089, 19.5511, 120.861, 8.60317;
3600, 800, 3.37556e+07, 267.065, 19.5511, 120.861, 8.54216;
3600, 900, 2.91755e+07, 267.065, 19.5511, 120.221, 8.54216;
3600, 1000, 2.52299e+07, 267.065, 19.5511, 119.582, 8.54216;
3600, 1100, 2.20096e+07, 266.042, 19.5511, 118.303, 8.54216;
3600, 1200, 1.92472e+07, 265.019, 19.5511, 117.024, 8.54216;
3600, 1300, 1.69663e+07, 262.973, 19.5511, 115.106, 8.54216;
3600, 1400, 1.49772e+07, 262.973, 19.4181, 112.548, 8.54216;
3600, 1500, 1.3374e+07, 261.949, 19.2851, 111.908, 8.54216;
3600, 1600, 1.19025e+07, 256.833, 19.2851, 111.269, 8.54216;
3600, 1700, 1.06472e+07, 254.787, 19.1521, 111.269, 8.54216;
3600, 1800, 9.55832e+06, 253.763, 19.0191, 110.629, 8.54216;
3600, 1900, 8.55478e+06, 251.717, 18.8861, 110.629, 8.54216;
3600, 2000, 7.67109e+06, 248.647, 18.8861, 109.99, 8.48114;
3600, 2100, 6.91074e+06, 247.624, 18.8861, 108.711, 8.48114;
3600, 2200, 6.17032e+06, 244.554, 18.8861, 108.071, 8.48114;
3600, 2300, 5.54909e+06, 241.485, 18.4871, 107.432, 8.48114;
3600, 2400, 4.94404e+06, 241.485, 18.4871, 107.432, 8.42013;
3600, 2500, 4.42965e+06, 239.438, 18.4871, 105.513, 8.35911;
3600, 2600, 3.99026e+06, 235.345, 18.4871, 103.595, 8.2981;
3600, 2700, 3.58868e+06, 231.252, 18.3541, 102.316, 8.2981;
3600, 2800, 3.24194e+06, 227.159, 18.0881, 99.7581, 8.2981;
3600, 2900, 2.94548e+06, 223.066, 17.2901, 97.8397, 8.11505;
3600, 3000, 2.63541e+06, 217.95, 17.0241, 96.5607, 8.11505;
3600, 3100, 2.38315e+06, 213.857, 16.6251, 93.3634, 7.99302;
3600, 3200, 2.15009e+06, 202.601, 16.4921, 90.8055, 7.99302;
3600, 3300, 1.96094e+06, 196.462, 15.9601, 87.6081, 7.87099;
3600, 3400, 1.78403e+06, 195.439, 15.4281, 86.9686, 7.74896;
3600, 3500, 1.62766e+06, 189.299, 15.0291, 85.0502, 7.26084;
3600, 3600, 1.42857e+06, 182.137, 14.3641, 80.5739, 7.01677;
3600, 3700, 1.29275e+06, 170.881, 13.5661, 79.2949, 6.58967;
3600, 3800, 1.1522e+06, 152.463, 12.9011, 76.737, 6.46763;
3600, 3900, 1.00191e+06, 139.161, 11.8371, 70.9817, 6.04053;
3600, 4000, 883880, 131.998, 11.4381, 67.1449, 5.73545;
3700, 100, 1.36364e+08, 235.345, 17.8221, 107.432, 7.99302;
3700, 200, 1.16373e+08, 235.345, 17.8221, 107.432, 7.99302;
3700, 300, 7.02409e+07, 235.345, 17.8221, 107.432, 7.99302;
3700, 400, 5.85791e+07, 235.345, 17.8221, 107.432, 7.932;
3700, 500, 4.94145e+07, 235.345, 17.8221, 107.432, 7.932;
3700, 600, 4.21774e+07, 235.345, 17.8221, 107.432, 7.932;
3700, 700, 3.55921e+07, 235.345, 17.8221, 107.432, 7.932;
3700, 800, 3.05379e+07, 234.322, 17.8221, 107.432, 7.932;
3700, 900, 2.64395e+07, 234.322, 17.8221, 107.432, 7.932;
3700, 1000, 2.2907e+07, 234.322, 17.8221, 106.792, 7.932;
3700, 1100, 2.0064e+07, 233.299, 17.8221, 105.513, 7.932;
3700, 1200, 1.76148e+07, 232.275, 17.8221, 104.234, 7.932;
3700, 1300, 1.55676e+07, 231.252, 17.8221, 102.316, 7.932;
3700, 1400, 1.37604e+07, 231.252, 17.6891, 99.7581, 7.932;
3700, 1500, 1.23031e+07, 231.252, 17.5561, 99.1186, 7.932;
3700, 1600, 1.09789e+07, 229.206, 17.5561, 98.4792, 7.932;
3700, 1700, 9.82846e+06, 227.159, 17.4231, 98.4792, 7.932;
3700, 1800, 8.82742e+06, 226.136, 17.2901, 97.8397, 7.932;
3700, 1900, 7.89919e+06, 224.089, 17.1571, 97.8397, 7.932;
3700, 2000, 7.09524e+06, 221.02, 17.1571, 97.2002, 7.87099;
3700, 2100, 6.41279e+06, 219.996, 17.1571, 95.9213, 7.87099;
3700, 2200, 5.74003e+06, 216.927, 17.1571, 95.2818, 7.87099;
3700, 2300, 5.18227e+06, 213.857, 16.8911, 94.6423, 7.87099;
3700, 2400, 4.62682e+06, 213.857, 16.8911, 94.6423, 7.80997;
3700, 2500, 4.16236e+06, 212.834, 16.8911, 92.7239, 7.74896;
3700, 2600, 3.74616e+06, 208.741, 16.8911, 91.4449, 7.68794;
3700, 2700, 3.4017e+06, 207.718, 16.7581, 90.166, 7.68794;
3700, 2800, 3.08695e+06, 203.625, 16.4921, 88.2476, 7.68794;
3700, 2900, 2.79993e+06, 199.532, 15.9601, 87.6081, 7.5049;
3700, 3000, 2.51621e+06, 196.462, 15.6941, 86.9686, 7.5049;
3700, 3100, 2.29253e+06, 194.415, 15.4281, 85.0502, 7.44388;
3700, 3200, 2.07364e+06, 185.206, 15.4281, 83.1318, 7.44388;
3700, 3300, 1.90429e+06, 180.09, 14.8961, 79.9344, 7.32185;
3700, 3400, 1.7355e+06, 179.067, 14.3641, 79.9344, 7.19982;
3700, 3500, 1.58745e+06, 173.951, 14.0981, 79.9344, 6.89474;
3700, 3600, 1.39717e+06, 167.811, 13.6991, 78.016, 6.65068;
3700, 3700, 1.26848e+06, 162.695, 13.1671, 76.737, 6.22357;
3700, 3800, 1.12904e+06, 146.323, 12.5021, 74.1791, 6.10154;
3700, 3900, 980471, 134.044, 11.4381, 70.3423, 5.79646;
3700, 4000, 869979, 126.882, 11.1721, 66.5054, 5.49139;
3800, 100, 1.24691e+08, 214.88, 16.7581, 100.398, 7.38287;
3800, 200, 1.07333e+08, 214.88, 16.7581, 100.398, 7.38287;
3800, 300, 6.29933e+07, 214.88, 16.7581, 100.398, 7.38287;
3800, 400, 5.26444e+07, 214.88, 16.7581, 100.398, 7.32185;
3800, 500, 4.45198e+07, 214.88, 16.7581, 100.398, 7.32185;
3800, 600, 3.80971e+07, 214.88, 16.7581, 100.398, 7.32185;
3800, 700, 3.21576e+07, 214.88, 16.7581, 100.398, 7.32185;
3800, 800, 2.77192e+07, 213.857, 16.7581, 100.398, 7.32185;
3800, 900, 2.40622e+07, 213.857, 16.7581, 100.398, 7.32185;
3800, 1000, 2.09098e+07, 213.857, 16.7581, 99.7581, 7.32185;
3800, 1100, 1.83699e+07, 212.834, 16.7581, 98.4792, 7.32185;
3800, 1200, 1.61637e+07, 211.811, 16.7581, 97.2002, 7.32185;
3800, 1300, 1.42974e+07, 210.787, 16.7581, 95.2818, 7.32185;
3800, 1400, 1.26454e+07, 210.787, 16.6251, 92.7239, 7.32185;
3800, 1500, 1.13142e+07, 210.787, 16.4921, 92.0844, 7.32185;
3800, 1600, 1.01213e+07, 208.741, 16.4921, 91.4449, 7.32185;
3800, 1700, 9.0751e+06, 207.718, 16.3591, 91.4449, 7.32185;
3800, 1800, 8.1732e+06, 206.694, 16.2261, 90.8055, 7.32185;
3800, 1900, 7.32983e+06, 204.648, 16.0931, 90.8055, 7.32185;
3800, 2000, 6.58525e+06, 201.578, 16.0931, 90.166, 7.26084;
3800, 2100, 5.95116e+06, 200.555, 16.0931, 88.887, 7.26084;
3800, 2200, 5.32227e+06, 197.485, 16.0931, 88.2476, 7.26084;
3800, 2300, 4.822e+06, 195.439, 15.8271, 87.6081, 7.26084;
3800, 2400, 4.33321e+06, 195.439, 15.8271, 87.6081, 7.19982;
3800, 2500, 3.89178e+06, 194.415, 15.8271, 86.3291, 7.1388;
3800, 2600, 3.49995e+06, 190.323, 15.8271, 85.6897, 7.07779;
3800, 2700, 3.18045e+06, 189.299, 15.6941, 84.4107, 7.07779;
3800, 2800, 2.89145e+06, 185.206, 15.5611, 82.4923, 7.07779;
3800, 2900, 2.62336e+06, 184.183, 15.0291, 82.4923, 6.95576;
3800, 3000, 2.3452e+06, 182.137, 14.7631, 81.8528, 6.95576;
3800, 3100, 2.12951e+06, 180.09, 14.4971, 79.9344, 6.89474;
3800, 3200, 1.91593e+06, 170.881, 14.4971, 79.2949, 6.89474;
3800, 3300, 1.75416e+06, 166.788, 13.9651, 76.737, 6.77271;
3800, 3400, 1.61246e+06, 165.765, 13.4331, 76.737, 6.7117;
3800, 3500, 1.47342e+06, 161.672, 13.1671, 76.737, 6.46763;
3800, 3600, 1.31969e+06, 157.579, 12.9011, 76.0975, 6.28459;
3800, 3700, 1.21783e+06, 153.486, 12.5021, 74.8186, 5.9185;
3800, 3800, 1.09885e+06, 140.184, 12.2361, 72.2607, 5.79646;
3800, 3900, 950770, 128.928, 11.3051, 69.0633, 5.61342;
3800, 4000, 847967, 123.812, 11.0391, 65.2265, 5.30834;
3900, 100, 1.14437e+08, 190.323, 15.6941, 88.887, 7.01677;
3900, 200, 9.92924e+07, 190.323, 15.6941, 88.887, 7.01677;
3900, 300, 5.66532e+07, 190.323, 15.6941, 88.887, 7.01677;
3900, 400, 4.75007e+07, 190.323, 15.6941, 88.887, 6.95576;
3900, 500, 4.02697e+07, 190.323, 15.6941, 88.887, 6.95576;
3900, 600, 3.45324e+07, 190.323, 15.6941, 88.887, 6.95576;
3900, 700, 2.92113e+07, 190.323, 15.6941, 88.887, 6.95576;
3900, 800, 2.52303e+07, 189.299, 15.6941, 88.887, 6.95576;
3900, 900, 2.19349e+07, 189.299, 15.6941, 88.887, 6.95576;
3900, 1000, 1.90847e+07, 189.299, 15.6941, 88.2476, 6.95576;
3900, 1100, 1.67827e+07, 189.299, 15.6941, 86.9686, 6.95576;
3900, 1200, 1.48049e+07, 188.276, 15.6941, 86.3291, 6.95576;
3900, 1300, 1.31285e+07, 187.253, 15.6941, 84.4107, 6.95576;
3900, 1400, 1.16237e+07, 187.253, 15.5611, 82.4923, 6.95576;
3900, 1500, 1.04291e+07, 187.253, 15.4281, 81.8528, 6.95576;
3900, 1600, 9.34869e+06, 186.23, 15.4281, 81.2133, 6.95576;
3900, 1700, 8.38697e+06, 185.206, 15.2951, 81.2133, 6.95576;
3900, 1800, 7.57898e+06, 184.183, 15.1621, 80.5739, 6.95576;
3900, 1900, 6.81763e+06, 183.16, 15.0291, 80.5739, 6.95576;
3900, 2000, 6.15598e+06, 180.09, 15.0291, 79.9344, 6.89474;
3900, 2100, 5.57095e+06, 179.067, 15.0291, 78.6554, 6.89474;
3900, 2200, 4.98129e+06, 175.997, 15.0291, 78.016, 6.89474;
3900, 2300, 4.52165e+06, 174.974, 14.7631, 78.016, 6.89474;
3900, 2400, 4.06316e+06, 174.974, 14.7631, 78.016, 6.83373;
3900, 2500, 3.64595e+06, 173.951, 14.7631, 76.737, 6.77271;
3900, 2600, 3.28023e+06, 169.858, 14.7631, 76.737, 6.7117;
3900, 2700, 2.99456e+06, 168.835, 14.6301, 75.4581, 6.7117;
3900, 2800, 2.72372e+06, 165.765, 14.4971, 74.1791, 6.7117;
3900, 2900, 2.46883e+06, 164.742, 13.9651, 74.1791, 6.58967;
3900, 3000, 2.23133e+06, 162.695, 13.6991, 73.5396, 6.58967;
3900, 3100, 2.02429e+06, 160.649, 13.4331, 72.9002, 6.52865;
3900, 3200, 1.82191e+06, 154.509, 13.4331, 72.9002, 6.52865;
3900, 3300, 1.66484e+06, 150.416, 13.1671, 70.3423, 6.46763;
3900, 3400, 1.52855e+06, 149.393, 12.6351, 70.3423, 6.40662;
3900, 3500, 1.39205e+06, 146.323, 12.5021, 70.3423, 6.22357;
3900, 3600, 1.25859e+06, 142.23, 12.2361, 69.7028, 6.04053;
3900, 3700, 1.15875e+06, 138.137, 11.9701, 68.4238, 5.73545;
3900, 3800, 1.04718e+06, 127.905, 11.8371, 65.8659, 5.67443;
3900, 3900, 917460, 121.765, 11.1721, 63.9475, 5.5524;
3900, 4000, 816325, 118.696, 10.9061, 61.3896, 5.24733;
4000, 100, 1.0552e+08, 165.765, 13.4331, 78.6554, 6.65068;
4000, 200, 9.21964e+07, 165.765, 13.4331, 78.6554, 6.65068;
4000, 300, 5.09141e+07, 165.765, 13.4331, 78.6554, 6.65068;
4000, 400, 4.27952e+07, 165.765, 13.4331, 78.6554, 6.58967;
4000, 500, 3.63455e+07, 165.765, 13.4331, 78.6554, 6.58967;
4000, 600, 3.12165e+07, 165.765, 13.4331, 78.6554, 6.58967;
4000, 700, 2.64019e+07, 165.765, 13.4331, 78.6554, 6.58967;
4000, 800, 2.2855e+07, 164.742, 13.4331, 78.6554, 6.58967;
4000, 900, 1.99534e+07, 164.742, 13.4331, 78.6554, 6.58967;
4000, 1000, 1.74052e+07, 164.742, 13.4331, 78.6554, 6.58967;
4000, 1100, 1.53409e+07, 164.742, 13.4331, 78.016, 6.58967;
4000, 1200, 1.35365e+07, 163.718, 13.4331, 77.3765, 6.58967;
4000, 1300, 1.20209e+07, 162.695, 13.4331, 75.4581, 6.58967;
4000, 1400, 1.06641e+07, 162.695, 13.3001, 74.1791, 6.58967;
4000, 1500, 9.59577e+06, 162.695, 13.3001, 74.1791, 6.58967;
4000, 1600, 8.60854e+06, 161.672, 13.3001, 74.1791, 6.58967;
4000, 1700, 7.74476e+06, 161.672, 13.1671, 74.1791, 6.58967;
4000, 1800, 7.00426e+06, 160.649, 13.0341, 73.5396, 6.58967;
4000, 1900, 6.29496e+06, 159.625, 12.9011, 73.5396, 6.58967;
4000, 2000, 5.68928e+06, 157.579, 12.9011, 72.9002, 6.52865;
4000, 2100, 5.15098e+06, 157.579, 12.9011, 72.2607, 6.52865;
4000, 2200, 4.63141e+06, 155.532, 12.9011, 71.6212, 6.52865;
4000, 2300, 4.20828e+06, 155.532, 12.7681, 71.6212, 6.52865;
4000, 2400, 3.79477e+06, 155.532, 12.7681, 71.6212, 6.46763;
4000, 2500, 3.40421e+06, 154.509, 12.7681, 70.9817, 6.40662;
4000, 2600, 3.05965e+06, 150.416, 12.7681, 70.9817, 6.3456;
4000, 2700, 2.79115e+06, 150.416, 12.6351, 69.7028, 6.3456;
4000, 2800, 2.53875e+06, 149.393, 12.5021, 69.0633, 6.3456;
4000, 2900, 2.32979e+06, 148.37, 12.1031, 69.0633, 6.22357;
4000, 3000, 2.11987e+06, 147.346, 11.8371, 68.4238, 6.22357;
4000, 3100, 1.92236e+06, 145.3, 11.7041, 67.7844, 6.16256;
4000, 3200, 1.72783e+06, 140.184, 11.7041, 67.7844, 6.16256;
4000, 3300, 1.58868e+06, 137.114, 11.4381, 65.8659, 6.10154;
4000, 3400, 1.46348e+06, 136.091, 11.0391, 65.8659, 6.04053;
4000, 3500, 1.33037e+06, 134.044, 10.9061, 65.8659, 5.85748;
4000, 3600, 1.2251e+06, 130.975, 10.6401, 65.2265, 5.73545;
4000, 3700, 1.12713e+06, 129.951, 10.6401, 64.587, 5.43037;
4000, 3800, 1.01737e+06, 122.789, 10.5071, 62.0291, 5.36936;
4000, 3900, 889235, 116.649, 9.97505, 61.3896, 5.24733;
4000, 4000, 796111, 114.603, 9.84205, 60.1107, 5.06428;
