// Signal for fast simulation 
// The efficiency for chargino track reconstruction is saved here 
// Assumed: chargino lifetime = 0.2 ns  and chargino is reconstructed if it decays in a radius >= 150 mm
// mass, efficiency for C1N1, efficiency for C1C1, betagamma for C1N1, betagamma for C1C1 
700, 0.0256356, 0.0468777;
800, 0.0256498, 0.0468229;
900, 0.0257788, 0.0474949;
1000, 0.0256016, 0.0470925;
1100, 0.0257646, 0.0458769;
1200, 0.024984, 0.0466092;
1300, 0.0257775, 0.0464263;
1400, 0.0252301, 0.046607;
1500, 0.025117, 0.0463695;
1600, 0.0249691, 0.044745;
1700, 0.025143, 0.0466045;
1800, 0.0244811, 0.0446931;
1900, 0.0242576, 0.0452618;
2000, 0.0235051, 0.0449828;
2100, 0.0239304, 0.0445011;
2200, 0.0228067, 0.045256;
2300, 0.0240482, 0.0447992;
2400, 0.0229667, 0.0441633;
2500, 0.0233797, 0.043687;
2600, 0.0225033, 0.045077;
2700, 0.0224742, 0.0424535;
2800, 0.0216788, 0.0433954;
2900, 0.0228716, 0.0425166;
3000, 0.0224778, 0.0403919;
3100, 0.0222272, 0.0415646;
3200, 0.0219717, 0.0395919;
3300, 0.0216199, 0.0420246;
3400, 0.0215425, 0.0397751;
3500, 0.0209219, 0.0401614;
3600, 0.021392, 0.0402044;
3700, 0.0214988, 0.0395907;
3800, 0.020811, 0.0402419;
3900, 0.0210344, 0.0371384;
4000, 0.0206586, 0.0379838;
4100, 0.0195526, 0.038288;
4200, 0.0209054, 0.0364766;
4300, 0.0196615, 0.0386921;
4400, 0.0205375, 0.0382822;
4500, 0.0195114, 0.0366757;
4600, 0.0192697, 0.0360055;
