// Signal for fast simulation 
// The efficiency for chargino track reconstruction is saved here 
// Assumed: chargino lifetime = 0.2 ns  and chargino is reconstructed if it decays in a radius >= 150 mm
// mass, efficiency for C1N1, efficiency for C1C1, betagamma for C1N1, betagamma for C1C1 
700, 0.0275811, 0.0271035;
800, 0.0276458, 0.0270443;
900, 0.0278083, 0.0273587;
1000, 0.0276357, 0.0271799;
1100, 0.0279029, 0.0265542;
1200, 0.0272437, 0.0269643;
1300, 0.0280096, 0.0269704;
1400, 0.0274857, 0.0269803;
1500, 0.027408, 0.0269181;
1600, 0.027181, 0.0261609;
1700, 0.0273172, 0.0271305;
1800, 0.0268771, 0.0261704;
1900, 0.026372, 0.0262516;
2000, 0.0256936, 0.0263165;
2100, 0.0264241, 0.0259812;
2200, 0.025209, 0.0265379;
2300, 0.0261772, 0.0259723;
2400, 0.0254032, 0.0255002;
2500, 0.0260306, 0.0254922;
2600, 0.0251183, 0.0262172;
2700, 0.0248088, 0.0250263;
2800, 0.0241743, 0.0253867;
2900, 0.0254979, 0.0247298;
3000, 0.0249037, 0.0235399;
3100, 0.0243372, 0.0246931;
3200, 0.0244357, 0.0232127;
3300, 0.0242174, 0.024327;
3400, 0.0234541, 0.0234201;
3500, 0.023402, 0.023804;
3600, 0.0235754, 0.0233768;
3700, 0.023539, 0.0234091;
3800, 0.0234972, 0.0234706;
3900, 0.0236929, 0.0218264;
4000, 0.0230341, 0.022356;
4100, 0.0218755, 0.0224048;
4200, 0.0229864, 0.0215967;
4300, 0.0218684, 0.0223881;
4400, 0.0229273, 0.0223106;
4500, 0.0218191, 0.0214823;
4600, 0.0214396, 0.0212548;
