// Wino with mass 3 TeV 
// leading jet pt, n_BG, n_sig, significance 
5, 0, 0, -1;
15, 9.8305e+06, 1.17203, 0.000373811;
25, 0, 2.53353, -1;
35, 6.2905e+06, 4.82608, 0.00192421;
45, 1.70542e+07, 4.46966, 0.00108233;
55, 1.29219e+07, 3.76659, 0.00104782;
65, 5.24854e+06, 3.20429, 0.00139866;
75, 2.46062e+06, 3.07984, 0.00196339;
85, 1.47079e+06, 1.65409, 0.00136391;
95, 1.06644e+06, 2.02811, 0.00196392;
105, 842148, 2.15824, 0.00235183;
115, 699298, 4.21164, 0.0050364;
125, 579487, 3.52861, 0.00463534;
135, 474282, 3.36097, 0.0048803;
145, 393273, 4.06861, 0.00648782;
155, 340369, 3.57871, 0.00613411;
165, 301899, 2.19216, 0.00398972;
175, 258446, 2.68132, 0.00527429;
185, 220693, 3.36007, 0.00715244;
195, 183687, 1.55231, 0.00362191;
205, 156659, 2.61046, 0.00659536;
215, 131202, 2.0324, 0.00561097;
225, 111939, 3.22339, 0.00963437;
235, 96321.3, 2.29407, 0.00739173;
245, 83369.4, 1.04601, 0.00362269;
255, 72720.9, 7.69768, 0.028545;
265, 63126.2, 0.468781, 0.0018658;
275, 55672.5, 1.75232, 0.00742665;
285, 48408.5, 1.33372, 0.00606183;
295, 42488.5, 5.5877, 0.027108;
305, 37708.2, 0.996878, 0.00513362;
315, 33349.4, 1.92823, 0.0105588;
325, 29405.4, 2.2633, 0.0131986;
335, 26790.9, 2.14323, 0.0130941;
345, 24011.2, 0.981868, 0.00633644;
355, 21832.6, 1.22035, 0.00825907;
365, 19548.1, 5.34686, 0.0382425;
375, 17346.2, 2.06247, 0.0156598;
385, 16118.4, 0.390526, 0.00307601;
395, 14558.6, 1.73602, 0.0143878;
405, 13370.1, 1.44766, 0.0125199;
415, 12562.5, 4.0969, 0.0365525;
425, 11558, 2.35069, 0.0218652;
435, 10649.6, 0.22398, 0.00217042;
445, 9776.67, 4.38583, 0.0443564;
455, 8994.29, 2.28339, 0.0240767;
465, 8309.92, 3.44772, 0.037821;
475, 7760.53, 2.95813, 0.0335793;
485, 7291.23, 1.66382, 0.0194853;
495, 6584.37, 0.404142, 0.00498054;
505, 6183.41, 1.51342, 0.0192462;
515, 5777.46, 3.51271, 0.0462141;
525, 5520.22, 5.96204, 0.0802448;
535, 5084.63, 3.42082, 0.0479734;
545, 4623.66, 1.45697, 0.0214269;
555, 4415.63, 2.87269, 0.0432307;
565, 4038.85, 0.802058, 0.0126205;
575, 3915.34, 2.13653, 0.0341447;
585, 3601.93, 3.0939, 0.0515511;
595, 3392.5, 8.12458, 0.139489;
605, 3179.63, 3.22064, 0.0571155;
615, 2968.63, 1.47939, 0.0271523;
625, 2794.07, 3.929, 0.0743299;
635, 2582.99, 1.10367, 0.021716;
645, 2502.38, 2.81497, 0.0562726;
655, 2295.45, 3.51941, 0.0734575;
665, 2156.43, 1.49998, 0.0323011;
675, 2055.53, 3.55047, 0.0783113;
685, 1907.92, 0.652584, 0.0149402;
695, 1801.27, 0.481605, 0.0113475;
705, 1706.52, 0.564493, 0.0136648;
715, 1644.08, 3.13984, 0.0774366;
725, 1539.59, 3.35541, 0.0855151;
735, 1460.29, 5.288, 0.138379;
745, 1361.17, 0.252281, 0.00683798;
755, 1334.6, 1.88159, 0.051505;
765, 1209.52, 2.91238, 0.0837416;
775, 1186.25, 2.53495, 0.0736006;
785, 1131.15, 4.50561, 0.133965;
795, 1097.41, 2.06872, 0.0624477;
805, 1031.35, 1.12813, 0.0351281;
815, 962.112, 1.31064, 0.0422544;
825, 914.48, 4.50504, 0.148975;
835, 869.141, 0.467514, 0.015858;
845, 867.566, 3.0286, 0.102823;
855, 799.559, 0.170742, 0.00603829;
865, 784.357, 0.764419, 0.0272945;
875, 721.127, 1.24016, 0.046182;
885, 686.569, 3.82933, 0.146144;
895, 677.754, 2.11967, 0.0814201;
905, 649.942, 0.0666339, 0.00261372;
915, 606.588, 5.45125, 0.221335;
925, 599.79, 6.28891, 0.256789;
935, 562.16, 1.36588, 0.0576081;
945, 524.37, 0.1401, 0.00611815;
955, 519.12, 3.97177, 0.174321;
965, 487.781, 3.45189, 0.156295;
975, 479.089, 1.74737, 0.079832;
985, 457.656, 0.461659, 0.02158;
995, 508.95, 0.581092, 0.0257577;
1005, 407.731, 3.61892, 0.179222;
1015, 394.494, 0.829177, 0.0417472;
1025, 397.648, 0.456445, 0.0228896;
1035, 400.912, 0.213011, 0.0106384;
1045, 343.237, 0.491942, 0.0265532;
1055, 336.21, 1.56616, 0.0854143;
1065, 324.741, 3.31989, 0.184228;
1075, 320.794, 0.289893, 0.0161854;
1085, 303.543, 1.34738, 0.0773356;
1095, 288.775, 0.234808, 0.0138176;
1105, 275.102, 0.470149, 0.0283458;
1115, 272.592, 0.354209, 0.0214538;
1125, 252.427, 1.3378, 0.0842021;
1135, 247.804, 2.1472, 0.136401;
1145, 234.828, 0.638996, 0.0416988;
1155, 232.235, 1.45787, 0.0956653;
1165, 217.984, 1.00708, 0.0682105;
1175, 211.697, 0.351398, 0.0241514;
1185, 206.122, 0.19609, 0.0136582;
1195, 210.527, 0.228203, 0.0157278;
1205, 191.507, 0.145629, 0.0105234;
1215, 192.985, 0.286452, 0.0206201;
1225, 188.155, 1.44107, 0.105058;
1235, 173.704, 2.57574, 0.195433;
1245, 162.85, 1.22957, 0.0963521;
1255, 155.799, 0.0394422, 0.00315994;
1265, 154.118, 0.912568, 0.0735086;
1275, 144.884, 0.416364, 0.034591;
1285, 142.44, 0.0315613, 0.00264447;
1295, 139.538, 0.0872551, 0.0073866;
1305, 134.148, 0.00890477, 0.00076883;
1315, 128.715, 1.5603, 0.137529;
1325, 124.682, 5.0177, 0.449369;
1335, 119.176, 3.38983, 0.310515;
1345, 118.344, 1.34994, 0.124091;
1355, 111.407, 2.85158, 0.270165;
1365, 111.641, 0.471274, 0.0446028;
1375, 107.334, 0.0495616, 0.00478383;
1385, 106.614, 0.00348194, 0.00033722;
1395, 99.156, 0.681647, 0.0684542;
1405, 106.984, 4.30176, 0.415897;
1415, 90.9701, 2.84697e-08, 2.98492e-09;
1425, 89.9435, 0.725421, 0.0764901;
1435, 88.424, 0.424684, 0.0451628;
1445, 81.113, 0.837277, 0.092966;
1455, 82.0471, 0.111259, 0.012283;
1465, 79.257, 0.198777, 0.0223278;
1475, 76.2045, 2.49264, 0.285541;
1485, 73.9416, 0.662453, 0.077039;
1495, 69.983, 0.337639, 0.0403605;
1505, 69.6375, 0.789254, 0.0945791;
1515, 71.591, 0.112487, 0.0132945;
1525, 65.3303, 0.0740004, 0.00915539;
1535, 64.3588, 0.54332, 0.0677254;
1545, 63.3773, 1.50654, 0.189241;
1555, 58.3143, 0.015389, 0.00201522;
1565, 57.6986, 0.0273413, 0.00359946;
1575, 57.0013, 0.203097, 0.0269006;
1585, 55.4969, 3.06395, 0.41129;
1595, 52.7554, 2.49293, 0.343223;
1605, 52.7961, 0.903305, 0.124318;
1615, 49.793, 3.72642, 0.52809;
1625, 48.9699, 0.0941764, 0.0134579;
1635, 46.6605, 0.88613, 0.129725;
1645, 46.8448, 1.45661, 0.212821;
1655, 43.8739, 0.355213, 0.0536272;
1665, 42.9425, 2.27469, 0.34712;
1675, 40.5855, 0.2764, 0.0433863;
1685, 41.957, 0.240185, 0.0370804;
1695, 40.6322, 0.0267893, 0.00420268;
1705, 38.6909, 0.230347, 0.0370321;
1715, 37.3069, 0.0949481, 0.015545;
1725, 36.879, 0, 0;
1735, 35.5882, 0.748253, 0.125428;
1745, 37.5143, 0.278721, 0.0455062;
1755, 35.2935, 0.00225806, 0.000380091;
1765, 33.6926, 1.7953, 0.309293;
1775, 34.254, 0.0194527, 0.00332372;
1785, 31.1761, 11.0936, 1.98683;
1795, 29.6208, 0.595484, 0.109414;
1805, 31.335, 2.58017, 0.460928;
1815, 28.8716, 4.34422, 0.808493;
1825, 28.1479, 0, 0;
1835, 27.3309, 0.149516, 0.0285996;
1845, 28.1351, 0.134204, 0.0253012;
1855, 26.4814, 0.0435675, 0.00846628;
1865, 24.954, 0.160797, 0.0321891;
1875, 24.8918, 0.309638, 0.0620621;
1885, 25.5839, 0.0907496, 0.0179416;
1895, 23.8485, 0, 0;
1905, 23.891, 1.86231, 0.381009;
1915, 22.7365, 0.425195, 0.0891716;
1925, 21.1616, 0.221606, 0.0481734;
1935, 21.9137, 0.00160473, 0.000342802;
1945, 21.2955, 0.358534, 0.0776938;
1955, 20.5721, 1.76902, 0.390025;
1965, 19.9752, 0.309709, 0.069296;
1975, 21.0506, 0.00672712, 0.00146621;
1985, 18.7047, 0.0127172, 0.00294048;
1995, 19.8293, 0.682295, 0.153221;
2005, 18.0568, 0.3154, 0.0742234;
2015, 17.5617, 0.186967, 0.0446151;
2025, 17.3746, 0.10004, 0.0240003;
2035, 16.492, 0.120253, 0.0296115;
2045, 16.5855, 0, 0;
2055, 16.0445, 1.88832, 0.471426;
2065, 15.2296, 0.024277, 0.00622086;
2075, 15.953, 0.0394486, 0.00987667;
2085, 15.2143, 0.035987, 0.00922614;
2095, 14.8913, 0.943066, 0.244386;
2105, 14.3611, 0.360984, 0.0952563;
2115, 14.5799, 0.0591868, 0.0155006;
2125, 13.8838, 0.574067, 0.154067;
2135, 13.7974, 3.38553, 0.911439;
2145, 13.6294, 0.0342994, 0.00929067;
2155, 12.5843, 0.207139, 0.058391;
2165, 12.0653, 0.293962, 0.0846296;
2175, 13.059, 0.0767477, 0.0212378;
2185, 11.966, 1.04773, 0.302884;
2195, 11.7097, 0, 0;
2205, 11.356, 0.254832, 0.0756208;
2215, 11.8558, 0.0395193, 0.0114774;
2225, 10.7004, 0.574034, 0.175484;
2235, 11.7395, 1.42652, 0.416345;
2245, 10.4148, 0.0756452, 0.0234399;
2255, 10.9228, 0, 0;
2265, 9.73492, 0.939631, 0.301156;
2275, 10.2937, 1.35782, 0.423211;
2285, 9.81002, 0.132993, 0.0424612;
2295, 9.31458, 0.431122, 0.14126;
2305, 8.63852, 0.604778, 0.205767;
2315, 8.673, 0.621206, 0.210936;
2325, 9.13949, 0.00389267, 0.00128762;
2335, 8.71678, 0.013809, 0.00467718;
2345, 9.45889, 0.383404, 0.124663;
2355, 8.38419, 0, 0;
2365, 8.08598, 0.182046, 0.0640199;
2375, 8.10235, 0.179599, 0.0630954;
2385, 7.79781, 0.334738, 0.119872;
2395, 8.09868, 0.075829, 0.0266458;
2405, 7.57939, 0.292604, 0.106283;
2415, 7.5564, 0.123808, 0.0450393;
2425, 7.24382, 0.0265233, 0.00985471;
2435, 7.09854, 0.342609, 0.128592;
2445, 6.37057, 0.916685, 0.363188;
2455, 18.9819, 1.38993, 0.319025;
2465, 6.62293, 1.6247, 0.631318;
2475, 6.88777, 0.0058516, 0.00222964;
2485, 6.51939, 0.012177, 0.00476913;
2495, 6.59596, 0.051505, 0.0200544;
2505, 6.27427, 0.0774597, 0.0309239;
2515, 6.37366, 0.0607811, 0.0240754;
2525, 6.08336, 0.0232579, 0.00942974;
2535, 6.03243, 0.13901, 0.0565978;
2545, 5.36048, 0.515438, 0.222625;
2555, 5.62081, 0.0342547, 0.0144484;
2565, 5.9435, 0.0492456, 0.0201998;
2575, 5.28065, 0, 0;
2585, 5.3104, 0.0261771, 0.0113595;
2595, 5.3949, 0.0538694, 0.0231927;
2605, 5.12471, 2.23859, 0.988872;
2615, 5.08825, 0.116176, 0.0515028;
2625, 5.12572, 0, 0;
2635, 4.77683, 0.0919244, 0.0420592;
2645, 4.82081, 0, 0;
2655, 4.60105, 0.0506039, 0.0235915;
2665, 4.64951, 0, 0;
2675, 4.56222, 0.0694256, 0.0325036;
2685, 4.15761, 0.000744233, 0.000364995;
2695, 4.36316, 0.0222683, 0.0106607;
2705, 4.0778, 0, 0;
2715, 4.25465, 0.0960467, 0.046564;
2725, 4.0363, 0, 0;
2735, 4.09697, 2.27284e-06, 1.12289e-06;
2745, 4.5696, 0.0106927, 0.00500204;
2755, 4.05341, 0.286634, 0.14237;
2765, 3.99003, 0.258218, 0.12927;
2775, 3.8483, 1.90212, 0.969627;
2785, 3.66773, 0.349347, 0.182414;
2795, 3.68064, 0.0630522, 0.0328654;
2805, 3.46943, 0.180487, 0.0968986;
2815, 3.5563, 0.111819, 0.059295;
2825, 3.38062, 2.10387, 1.14425;
2835, 3.51391, 0.0507372, 0.0270665;
2845, 3.45864, 0.177353, 0.0953644;
2855, 3.33951, 0.30224, 0.16539;
2865, 3.23928, 0.225238, 0.125146;
2875, 3.08007, 0.0770363, 0.043895;
2885, 3.13391, 0, 0;
2895, 3.03458, 0, 0;
2905, 3.10369, 0, 0;
2915, 2.92422, 0, 0;
2925, 2.77501, 0, 0;
2935, 2.95793, 0.941851, 0.547632;
2945, 3.11713, 0.0316307, 0.0179156;
2955, 2.70677, 0.00180962, 0.00109992;
2965, 2.75402, 0, 0;
2975, 2.69166, 3.09734, 1.8879;
2985, 2.6924, 0, 0;
2995, 2.63565, 0.18801, 0.115808;
3005, 2.65525, 0, 0;
3015, 2.55342, 0, 0;
3025, 2.44552, 0, 0;
3035, 2.38039, 0.0359075, 0.0232735;
3045, 2.49327, 0.228341, 0.14461;
3055, 2.35918, 0, 0;
3065, 2.30487, 0, 0;
3075, 2.27977, 0, 0;
3085, 2.39931, 0.450582, 0.290891;
3095, 2.24435, 0, 0;
3105, 2.23716, 0, 0;
3115, 2.16775, 0.359415, 0.244113;
3125, 2.15596, 0.509209, 0.346797;
3135, 1.98848, 0.00407028, 0.00288645;
3145, 1.99795, 0.0157598, 0.0111496;
3155, 1.94764, 0.021201, 0.0151915;
3165, 1.77642, 0, 0;
3175, 1.84135, 0.169863, 0.125179;
3185, 1.82093, 0.0258665, 0.0191686;
3195, 1.87736, 0.155992, 0.113849;
3205, 1.88754, 1.32808, 0.966665;
3215, 1.66147, 0.0300889, 0.0233432;
3225, 1.77565, 0.0207341, 0.0155599;
3235, 1.73773, 0.0819607, 0.0621748;
3245, 1.69468, 0, 0;
3255, 1.61967, 2.55938, 2.01105;
3265, 1.98819, 0.040852, 0.0289724;
3275, 1.7104, 0, 0;
3285, 1.66828, 0, 0;
3295, 1.57477, 1.86224, 1.48398;
3305, 1.61206, 0.0297259, 0.0234123;
3315, 1.53228, 0, 0;
3325, 1.54376, 0.282243, 0.227161;
3335, 1.47341, 0, 0;
3345, 1.42343, 0, 0;
3355, 1.3637, 0.37863, 0.324233;
3365, 1.38329, 0, 0;
3375, 1.32497, 3.1028e-05, 2.69557e-05;
3385, 1.38123, 0.486055, 0.413573;
3395, 1.39315, 0, 0;
3405, 1.34563, 0, 0;
3415, 1.39221, 0.100178, 0.0849025;
3425, 1.35936, 0, 0;
3435, 1.2735, 0, 0;
3445, 1.24311, 0, 0;
3455, 1.22047, 0, 0;
3465, 1.21733, 0, 0;
3475, 1.157, 0, 0;
3485, 1.10277, 0, 0;
3495, 1.13033, 0, 0;
3505, 1.18249, 0, 0;
3515, 1.14236, 1.62219, 1.51775;
3525, 1.47059, 0, 0;
3535, 1.02816, 0.499219, 0.492334;
3545, 1.05641, 0.0330593, 0.0321646;
3555, 1.05695, 0, 0;
3565, 1.04213, 0.840866, 0.823693;
3575, 1.11495, 0, 0;
3585, 0.991696, 0, 0;
3595, 0.972177, 0, 0;
3605, 1.02041, 0.0148641, 0.0147146;
3615, 1.04029, 0, 0;
3625, 0.90645, 3.58238, 3.7627;
3635, 0.954459, 0.689388, 0.705643;
3645, 0.956221, 0.253612, 0.259353;
3655, 0.892375, 0, 0;
3665, 0.892925, 1.67865, 1.77645;
3675, 0.922471, 0, 0;
3685, 0.878461, 0, 0;
3695, 0.836581, 0, 0;
3705, 0.897628, 0.423173, 0.446652;
3715, 0.764302, 0, 0;
3725, 0.808019, 0.00536931, 0.00597321;
3735, 0.824808, 0.509097, 0.560563;
3745, 0.754708, 0.687101, 0.790917;
3755, 0.827441, 0, 0;
3765, 0.858189, 0.0471899, 0.0509398;
3775, 0.786019, 0, 0;
3785, 0.761138, 0, 0;
3795, 0.79077, 0, 0;
3805, 0.72565, 0, 0;
3815, 0.723375, 0, 0;
3825, 0.765542, 0, 0;
3835, 0.645281, 0, 0;
3845, 0.647189, 0, 0;
3855, 0.647049, 0.0333689, 0.0414833;
3865, 0.662036, 2.53397, 3.11431;
3875, 0.677177, 0, 0;
3885, 0.699271, 0, 0;
3895, 0.697193, 0, 0;
3905, 0.65686, 0, 0;
3915, 0.607125, 0, 0;
3925, 0.657101, 0, 0;
3935, 0.648249, 0, 0;
3945, 0.615799, 0, 0;
3955, 0.594535, 0, 0;
3965, 0.614554, 0.88154, 1.12451;
3975, 0.54533, 0, 0;
3985, 0.534328, 0, 0;
3995, 0.555543, 0.232054, 0.311337;
4005, 0.612566, 0, 0;
4015, 0.605007, 0, 0;
4025, 0.529623, 4.4616, 6.13066;
4035, 0.543479, 0, 0;
4045, 0.533925, 2.44746, 3.34947;
4055, 0.499525, 0.157854, 0.223346;
4065, 0.472932, 0.194621, 0.283002;
4075, 0.549984, 0, 0;
4085, 0.504297, 0, 0;
4095, 0.471531, 0, 0;
4105, 0.473304, 0, 0;
4115, 0.50602, 0, 0;
4125, 0.472476, 0, 0;
4135, 0.423604, 0, 0;
4145, 0.479078, 0.0100101, 0.0144623;
4155, 0.443995, 0, 0;
4165, 0.469688, 0.0354716, 0.0517578;
4175, 0.467554, 0, 0;
4185, 0.395881, 0, 0;
4195, 0.438651, 0, 0;
4205, 0.44043, 0, 0;
4215, 0.440013, 0, 0;
4225, 0.389604, 0, 0;
4235, 0.3895, 0, 0;
4245, 0.369262, 0, 0;
4255, 0.422113, 0, 0;
4265, 0.371287, 0, 0;
4275, 0.33414, 0, 0;
4285, 0.371448, 0, 0;
4295, 0.373854, 0.025632, 0.041921;
4305, 0.362104, 0, 0;
4315, 0.353821, 0, 0;
4325, 0.39346, 0.0174908, 0.0278843;
4335, 0.335952, 0, 0;
4345, 0.310351, 0.507512, 0.911002;
4355, 0.362418, 0, 0;
4365, 0.369272, 0, 0;
4375, 0.328723, 0, 0;
4385, 0.299334, 0, 0;
4395, 0.313429, 0, 0;
4405, 0.31771, 0, 0;
4415, 0.369459, 0, 0;
4425, 0.35976, 0, 0;
4435, 0.325909, 0, 0;
4445, 0.291423, 0, 0;
4455, 0.274317, 0, 0;
4465, 0.290713, 0, 0;
4475, 0.340918, 0.0896953, 0.153619;
4485, 0.270111, 0, 0;
4495, 0.342626, 0, 0;
4505, 0.280574, 0, 0;
4515, 0.32008, 0.0939928, 0.166137;
4525, 0.298275, 0, 0;
4535, 0.260929, 0.101851, 0.19939;
4545, 0.254157, 0.00528989, 0.0104929;
4555, 0.275228, 0, 0;
4565, 0.306633, 0, 0;
4575, 0.255112, 0, 0;
4585, 0.256132, 0, 0;
4595, 0.235126, 0.0616855, 0.127213;
4605, 0.263878, 0, 0;
4615, 0.218476, 0.000233247, 0.000499016;
4625, 0.225203, 0.0150338, 0.0316797;
4635, 0.251071, 0, 0;
4645, 0.240647, 0, 0;
4655, 0.223462, 0, 0;
4665, 0.217498, 3.84828, 8.25162;
4675, 0.222012, 0, 0;
4685, 0.261153, 0.262745, 0.514146;
4695, 0.204715, 0, 0;
4705, 0.211921, 0, 0;
4715, 0.218239, 0, 0;
4725, 0.203275, 0, 0;
4735, 0.236198, 0.000853594, 0.00175636;
4745, 0.209326, 0.0688716, 0.150532;
4755, 0.20892, 0, 0;
4765, 0.199707, 0, 0;
4775, 0.190745, 0, 0;
4785, 0.187159, 0, 0;
4795, 0.232395, 0, 0;
4805, 0.174628, 0.000175589, 0.000420186;
4815, 0.188549, 0.267048, 0.615003;
4825, 0.183241, 0, 0;
4835, 0.179631, 2.47493, 5.83945;
4845, 0.179851, 0, 0;
4855, 0.2155, 0, 0;
4865, 0.184485, 0, 0;
4875, 0.20323, 0.003888, 0.00862447;
4885, 0.185695, 0.191004, 0.443243;
4895, 0.167087, 0.134904, 0.33003;
4905, 0.17524, 0.00772177, 0.0184459;
4915, 0.16581, 0, 0;
4925, 0.174819, 0, 0;
4935, 0.180372, 0, 0;
4945, 0.171395, 0, 0;
4955, 0.162646, 0, 0;
4965, 0.160793, 0, 0;
4975, 0.155453, 0, 0;
4985, 0.163505, 0, 0;
4995, 0.165577, 0, 0;
5005, 0.16924, 0, 0;
5015, 0.185298, 0, 0;
5025, 0.155365, 0.305479, 0.775007;
5035, 0.14801, 0.110662, 0.287641;
5045, 0.141326, 0, 0;
5055, 0.148891, 0, 0;
5065, 0.146081, 0, 0;
5075, 0.141616, 0, 0;
5085, 0.144965, 0, 0;
5095, 0.141462, 0, 0;
5105, 0.129783, 0.411171, 1.14133;
5115, 0.131103, 0, 0;
5125, 0.132707, 0, 0;
5135, 0.132507, 0, 0;
5145, 0.139245, 0, 0;
5155, 0.131305, 0, 0;
5165, 0.124464, 0, 0;
5175, 0.126622, 0, 0;
5185, 0.112852, 0, 0;
5195, 0.115002, 0, 0;
5205, 0.141099, 0, 0;
5215, 0.111138, 0.2832, 0.849498;
5225, 0.119169, 0, 0;
5235, 0.123221, 0, 0;
5245, 0.12002, 0, 0;
5255, 0.114292, 0, 0;
5265, 0.111863, 0, 0;
5275, 0.117146, 0, 0;
5285, 0.11979, 0.00258591, 0.00747144;
5295, 0.111625, 0, 0;
5305, 0.115319, 0, 0;
5315, 0.100935, 0, 0;
5325, 0.10534, 0.0291165, 0.0897103;
5335, 0.111931, 0, 0;
5345, 0.103235, 0, 0;
5355, 0.10713, 0, 0;
5365, 0.0969293, 0, 0;
5375, 0.10969, 0, 0;
5385, 0.103644, 0.143023, 0.444257;
5395, 0.10678, 0, 0;
5405, 0.095281, 0, 0;
5415, 0.0979036, 0.635831, 2.03209;
5425, 0.0966862, 0, 0;
5435, 0.107478, 0, 0;
5445, 0.0939253, 0, 0;
5455, 0.0995271, 0, 0;
5465, 0.0965461, 0, 0;
5475, 0.0995754, 0, 0;
5485, 0.081973, 0.136388, 0.476366;
5495, 0.0947223, 0, 0;
5505, 0.0961253, 0, 0;
5515, 0.0940444, 0, 0;
5525, 0.0889297, 0, 0;
5535, 0.0876093, 0, 0;
5545, 0.0869726, 0, 0;
5555, 0.081831, 0.231922, 0.810741;
5565, 0.0808009, 0, 0;
5575, 0.0793274, 0, 0;
5585, 0.0804899, 0, 0;
5595, 0.0860879, 0, 0;
5605, 0.0829398, 0, 0;
5615, 0.0739, 0, 0;
5625, 0.0864564, 0, 0;
5635, 0.0813816, 0, 0;
5645, 0.0797021, 0, 0;
5655, 0.0889286, 0, 0;
5665, 0.0740814, 0, 0;
5675, 0.0763429, 0, 0;
5685, 0.0803408, 0, 0;
5695, 0.0681515, 0, 0;
5705, 0.0647535, 0, 0;
5715, 0.0728352, 0, 0;
5725, 0.0618516, 0, 0;
5735, 0.0719437, 0.342736, 1.2778;
5745, 0.0725284, 0, 0;
5755, 0.0641271, 0, 0;
5765, 0.0695676, 0, 0;
5775, 0.058402, 0, 0;
5785, 0.0608338, 0.231461, 0.938436;
5795, 0.0710035, 0, 0;
5805, 0.0612987, 0.0817867, 0.330337;
5815, 0.0673425, 0, 0;
5825, 0.0650866, 0, 0;
5835, 0.0637859, 0, 0;
5845, 0.0630147, 0, 0;
5855, 0.0644627, 0, 0;
5865, 0.0579519, 0, 0;
5875, 0.0647796, 0, 0;
5885, 0.0654449, 0, 0;
5895, 0.0619682, 0, 0;
5905, 0.0568861, 0, 0;
5915, 0.053317, 0, 0;
5925, 0.0584363, 0, 0;
5935, 0.0494684, 0, 0;
5945, 0.0556305, 0, 0;
5955, 0.0646377, 0, 0;
5965, 0.0521815, 0, 0;
5975, 0.0625873, 0, 0;
5985, 0.0553117, 0, 0;
5995, 0.0570003, 0, 0;
6005, 0.0492402, 0, 0;
6015, 0.0533207, 0, 0;
6025, 0.0498726, 0, 0;
6035, 0.0495077, 0, 0;
6045, 0.0475924, 0, 0;
6055, 0.0537076, 0, 0;
6065, 0.0512913, 0, 0;
6075, 0.0450611, 0, 0;
6085, 0.0503666, 0, 0;
6095, 0.0535562, 0, 0;
6105, 0.0547866, 0, 0;
6115, 0.0472985, 0, 0;
6125, 0.0477165, 1.33827, 6.12646;
6135, 0.0410443, 0, 0;
6145, 0.0452274, 0, 0;
6155, 0.0448624, 0, 0;
6165, 0.0470241, 0, 0;
6175, 0.0419755, 0, 0;
6185, 0.0426306, 0, 0;
6195, 0.0445404, 0, 0;
6205, 0.044619, 0, 0;
6215, 0.0365141, 0, 0;
6225, 0.0449741, 0, 0;
6235, 0.0476978, 0, 0;
6245, 0.0419762, 0, 0;
6255, 0.0354896, 0, 0;
6265, 0.0378729, 0, 0;
6275, 0.0349302, 3.02204, 16.1696;
6285, 0.0392824, 0, 0;
6295, 0.0389722, 0, 0;
6305, 0.0418109, 0, 0;
6315, 0.040713, 0.228757, 1.13373;
6325, 0.0438651, 0, 0;
6335, 0.0339434, 0, 0;
6345, 0.0398277, 0.456624, 2.28805;
6355, 0.0322651, 0.180386, 1.00424;
6365, 0.0384654, 0, 0;
6375, 0.0339264, 0, 0;
6385, 0.040689, 0, 0;
6395, 0.0335106, 0, 0;
6405, 0.0350121, 0, 0;
6415, 0.0333899, 0, 0;
6425, 0.0311271, 0, 0;
6435, 0.038715, 0.675688, 3.43405;
6445, 0.0348209, 0, 0;
6455, 0.0360254, 0, 0;
6465, 0.0386872, 0, 0;
6475, 0.0300935, 0, 0;
6485, 0.0316828, 0, 0;
6495, 0.0313087, 0, 0;
6505, 0.0314598, 0, 0;
6515, 0.0333151, 0, 0;
6525, 0.0311036, 0, 0;
6535, 0.0262782, 0, 0;
6545, 0.0280568, 0.377383, 2.25301;
6555, 0.0253482, 0, 0;
6565, 0.0332887, 0, 0;
6575, 0.0411406, 0, 0;
6585, 0.0240573, 0, 0;
6595, 0.0319548, 0, 0;
6605, 0.0314552, 0, 0;
6615, 0.0309032, 0, 0;
6625, 0.027277, 0, 0;
6635, 0.0255437, 0, 0;
6645, 0.0248108, 0, 0;
6655, 0.0293373, 0, 0;
6665, 0.0284621, 0, 0;
6675, 0.024497, 0, 0;
6685, 0.0220644, 0, 0;
6695, 0.018948, 0, 0;
6705, 0.0252166, 0, 0;
6715, 0.0201443, 0, 0;
6725, 0.0262247, 0, 0;
6735, 0.0237831, 0, 0;
6745, 0.0240945, 0, 0;
6755, 0.0263394, 0, 0;
6765, 0.027219, 0, 0;
6775, 0.0252198, 0, 0;
6785, 0.0232272, 0, 0;
6795, 0.0241527, 0, 0;
6805, 0.02355, 0, 0;
6815, 0.0212172, 0, 0;
6825, 0.0214331, 0.317154, 2.16635;
6835, 0.0282345, 0, 0;
6845, 0.0227035, 0.938303, 6.22725;
6855, 0.0241722, 0, 0;
6865, 0.0228851, 0, 0;
6875, 0.0256162, 0, 0;
6885, 0.0221116, 0.389334, 2.61826;
6895, 0.0237162, 0.873192, 5.67006;
6905, 0.0251013, 0, 0;
6915, 0.0204856, 0, 0;
6925, 0.0207568, 0, 0;
6935, 0.0220871, 0, 0;
6945, 0.0191482, 0, 0;
6955, 0.0203181, 0, 0;
6965, 0.0246624, 0, 0;
6975, 0.0209759, 0, 0;
6985, 0.0183081, 0, 0;
6995, 0.0203477, 0, 0;
7005, 0.0193549, 0, 0;
7015, 0.0172534, 0, 0;
7025, 0.0156101, 0, 0;
7035, 0.0188083, 0, 0;
7045, 0.0162115, 0, 0;
7055, 0.0180139, 0, 0;
7065, 0.0216585, 0, 0;
7075, 0.0160767, 0, 0;
7085, 0.0191582, 0, 0;
7095, 0.0197414, 0, 0;
7105, 0.0159092, 0, 0;
7115, 0.0159483, 0, 0;
7125, 0.0213638, 0, 0;
7135, 0.0211555, 0, 0;
7145, 0.0183329, 0.0887839, 0.65572;
7155, 0.0185297, 0, 0;
7165, 0.016122, 0, 0;
7175, 0.0190396, 0, 0;
7185, 0.0179482, 0, 0;
7195, 0.0178409, 0, 0;
7205, 0.0155696, 0, 0;
7215, 0.0130116, 0, 0;
7225, 0.0170633, 0, 0;
7235, 0.0170809, 0, 0;
7245, 0.0192433, 0, 0;
7255, 0.0180461, 0, 0;
7265, 0.0195915, 0, 0;
7275, 0.0135364, 0, 0;
7285, 0.0151932, 0, 0;
7295, 0.0181714, 0, 0;
7305, 0.0171348, 0, 0;
7315, 0.0160067, 0, 0;
7325, 0.0103821, 0, 0;
7335, 0.0170018, 0, 0;
7345, 0.0154752, 0, 0;
7355, 0.0152729, 0.19886, 1.60912;
7365, 0.0142834, 0, 0;
7375, 0.0141679, 0, 0;
7385, 0.0169884, 0, 0;
7395, 0.012839, 0, 0;
7405, 0.0133045, 1.69395, 14.6859;
7415, 0.0122503, 0, 0;
7425, 0.0154725, 0, 0;
7435, 0.0114324, 0, 0;
7445, 0.0102568, 0, 0;
7455, 0.0165276, 0, 0;
7465, 0.0130214, 0, 0;
7475, 0.0154704, 0, 0;
7485, 0.0169662, 0, 0;
7495, 0.0121381, 0, 0;
7505, 0.0113882, 0, 0;
7515, 0.0125817, 0, 0;
7525, 0.0123838, 0, 0;
7535, 0.0100288, 0, 0;
7545, 0.0120329, 0, 0;
7555, 0.0130183, 0, 0;
7565, 0.0143182, 0, 0;
7575, 0.0120544, 0, 0;
7585, 0.0121891, 0, 0;
7595, 0.0130516, 0, 0;
7605, 0.0137007, 0, 0;
7615, 0.0114126, 0, 0;
7625, 0.0148158, 0, 0;
7635, 0.0131262, 0, 0;
7645, 0.0123037, 0, 0;
7655, 0.0112672, 0, 0;
7665, 37.3321, 0, 0;
7675, 0.0127543, 0, 0;
7685, 0.00887802, 0, 0;
7695, 0.0107934, 0, 0;
7705, 0.0153265, 0, 0;
7715, 0.00898697, 0, 0;
7725, 0.0116803, 0, 0;
7735, 0.0105065, 0, 0;
7745, 0.0105556, 0, 0;
7755, 0.0110154, 0, 0;
7765, 0.00728116, 0, 0;
7775, 0.0129834, 0, 0;
7785, 0.009629, 0, 0;
7795, 0.0117461, 0, 0;
7805, 0.0115608, 0, 0;
7815, 0.0118454, 0, 0;
7825, 0.0117153, 0, 0;
7835, 0.0110007, 0, 0;
7845, 0.0116939, 0, 0;
7855, 0.00705288, 0, 0;
7865, 0.0109397, 0, 0;
7875, 0.0110225, 0, 0;
7885, 0.00778294, 0, 0;
7895, 0.00788535, 0, 0;
7905, 0.00960788, 0, 0;
7915, 0.00661505, 0, 0;
7925, 0.0059318, 0, 0;
7935, 0.00951591, 0, 0;
7945, 0.00809245, 0, 0;
7955, 0.0108699, 0, 0;
7965, 0.00862075, 0, 0;
7975, 0.00612352, 0, 0;
7985, 0.0097161, 0, 0;
7995, 0.00606645, 0, 0;
8005, 0.00779358, 0, 0;
8015, 0.011501, 0, 0;
8025, 0.00891746, 0, 0;
8035, 0.00913585, 0, 0;
8045, 0.00752353, 0, 0;
8055, 0.00789983, 0, 0;
8065, 0.00696255, 0, 0;
8075, 0.00780598, 0, 0;
8085, 0.0106187, 0, 0;
8095, 0.00898652, 0, 0;
8105, 0.00549115, 0, 0;
8115, 0.0100791, 0, 0;
8125, 0.00835817, 0, 0;
8135, 0.01087, 0, 0;
8145, 0.00729807, 0, 0;
8155, 0.00860524, 0, 0;
8165, 0.00597542, 0, 0;
8175, 0.00630103, 0, 0;
8185, 0.00789897, 0, 0;
8195, 0.00689467, 0, 0;
8205, 0.00741113, 0, 0;
8215, 0.00708496, 0, 0;
8225, 0.00855014, 0, 0;
8235, 0.00523431, 0, 0;
8245, 0.00938383, 0, 0;
8255, 0.00434128, 0, 0;
8265, 0.00862137, 0, 0;
8275, 0.00386761, 0, 0;
8285, 0.00501256, 0, 0;
8295, 0.00601272, 0, 0;
8305, 0.00619096, 0, 0;
8315, 0.0022857, 0, 0;
8325, 0.00488577, 0, 0;
8335, 0.00598232, 0, 0;
8345, 0.00598874, 0, 0;
8355, 0.00409904, 0, 0;
8365, 0.00682694, 0, 0;
8375, 0.00833592, 0, 0;
8385, 0.0085967, 0, 0;
8395, 0.00297767, 0, 0;
8405, 0.00482114, 0, 0;
8415, 0.00566713, 0, 0;
8425, 0.00577319, 0, 0;
8435, 0.00504704, 0, 0;
8445, 0.00541824, 0, 0;
8455, 0.00586749, 0, 0;
8465, 0.00388582, 0, 0;
8475, 0.00459434, 0, 0;
8485, 0.00391486, 0, 0;
8495, 0.00480398, 0, 0;
8505, 0.00394245, 0, 0;
8515, 0.00604798, 0, 0;
8525, 0.00616797, 0, 0;
8535, 0.00526535, 0, 0;
8545, 0.00762406, 0, 0;
8555, 0.00481394, 0, 0;
8565, 0.00312537, 0, 0;
8575, 0.00478644, 0, 0;
8585, 0.0027659, 0, 0;
8595, 0.00405478, 0, 0;
8605, 0.00502736, 1.14503, 16.1491;
8615, 0.00378862, 0, 0;
8625, 0.00618708, 0, 0;
8635, 0.00329902, 0, 0;
8645, 0.00468596, 0.0967026, 1.41266;
8655, 0.00456578, 0, 0;
8665, 0.00724475, 0, 0;
8675, 0.00352627, 0, 0;
8685, 0.00333439, 0, 0;
8695, 0.00511611, 0, 0;
8705, 0.00537567, 0, 0;
8715, 0.0052947, 0, 0;
8725, 0.00328929, 0, 0;
8735, 0.00522722, 0, 0;
8745, 0.00382542, 0, 0;
8755, 0.00691578, 0, 0;
8765, 0.00393524, 0, 0;
8775, 0.0059174, 0, 0;
8785, 0.00451979, 0, 0;
8795, 0.00211752, 0, 0;
8805, 0.00575326, 0, 0;
8815, 0.00464411, 0, 0;
8825, 0.00587322, 0, 0;
8835, 0.00485164, 0, 0;
8845, 0.00520156, 0, 0;
8855, 0.00540748, 0, 0;
8865, 0.00531424, 0, 0;
8875, 0.00549889, 0, 0;
8885, 0.00642691, 0, 0;
8895, 0.00409159, 0, 0;
8905, 0.0024382, 0, 0;
8915, 0.00492569, 0, 0;
8925, 0.00448523, 0, 0;
8935, 0.00461614, 0, 0;
8945, 0.00297005, 0, 0;
8955, 0.00525632, 0, 0;
8965, 0.00382324, 0, 0;
8975, 0.00373953, 0, 0;
8985, 0.00478329, 0, 0;
8995, 0.00361798, 0, 0;
9005, 0.00525301, 0, 0;
9015, 0.00266713, 0, 0;
9025, 0.00369104, 0, 0;
9035, 0.00231471, 0, 0;
9045, 0.00277347, 0, 0;
9055, 0.00389869, 0, 0;
9065, 0.00446801, 0, 0;
9075, 0.00264678, 0.411128, 7.99132;
9085, 0.0025309, 0, 0;
9095, 0.00310039, 0, 0;
9105, 0.00278924, 0, 0;
9115, 0.003444, 0, 0;
9125, 0.00275955, 0, 0;
9135, 0.0054913, 0, 0;
9145, 0.00195885, 0, 0;
9155, 0.00444985, 0, 0;
9165, 0.00311939, 0, 0;
9175, 0.00433326, 0, 0;
9185, 0.0031003, 0, 0;
9195, 0.0014108, 0, 0;
9205, 0.00492823, 0, 0;
9215, 0.00299763, 0, 0;
9225, 0.00291891, 0, 0;
9235, 0.00173635, 0, 0;
9245, 0.0016291, 0, 0;
9255, 0.00242521, 0, 0;
9265, 0.00243355, 0, 0;
9275, 0.00342467, 0, 0;
9285, 0.00277248, 0, 0;
9295, 0.00343182, 0, 0;
9305, 0.00321682, 0, 0;
9315, 0.00263755, 0, 0;
9325, 0.00180276, 0, 0;
9335, 0.00266937, 0, 0;
9345, 0.00365422, 0, 0;
9355, 0.00342384, 0, 0;
9365, 0.00184234, 0, 0;
9375, 0.0035256, 0, 0;
9385, 0.00240423, 0, 0;
9395, 0.00161326, 0, 0;
9405, 0.00274874, 0, 0;
9415, 0.00466054, 0, 0;
9425, 0.00205779, 0, 0;
9435, 0.00361271, 0, 0;
9445, 0.00214864, 0, 0;
9455, 0.00157759, 0, 0;
9465, 0.00340129, 0, 0;
9475, 0.00317514, 0, 0;
9485, 0.00418824, 0, 0;
9495, 0.00265609, 0, 0;
9505, 0.00318072, 0, 0;
9515, 0.00172565, 0, 0;
9525, 0.00259922, 0, 0;
9535, 0.00351195, 0, 0;
9545, 0.00226369, 0, 0;
9555, 0.00294722, 0, 0;
9565, 0.00216451, 0, 0;
9575, 0.00187153, 0, 0;
9585, 0.00183364, 0, 0;
9595, 0.00147473, 0, 0;
9605, 0.00190939, 0, 0;
9615, 0.00193715, 0, 0;
9625, 0.00226234, 0, 0;
9635, 0.00192861, 0, 0;
9645, 0.00226113, 0, 0;
9655, 0.00338654, 0, 0;
9665, 0.00203872, 0, 0;
9675, 0.00260171, 0, 0;
9685, 0.00226315, 0, 0;
9695, 0.00123565, 0, 0;
9705, 0.00248173, 0, 0;
9715, 0.00280121, 0, 0;
9725, 0.0038486, 0, 0;
9735, 0.00236271, 0, 0;
9745, 0.00214197, 0, 0;
9755, 0.00271063, 0, 0;
9765, 0.00124217, 0, 0;
9775, 0.00144799, 0, 0;
9785, 0.000672684, 0, 0;
9795, 0.00327204, 0, 0;
9805, 0.00200336, 0, 0;
9815, 0.0015548, 0, 0;
9825, 0.00115722, 0, 0;
9835, 0.000315873, 0, 0;
9845, 0.00122126, 0, 0;
9855, 0.00157745, 0, 0;
9865, 0.00247034, 0, 0;
9875, 0.00268065, 0, 0;
9885, 0.00112189, 0, 0;
9895, 0.00155791, 0, 0;
9905, 0.00461639, 0, 0;
9915, 0.00145238, 0, 0;
9925, 0.00133495, 0, 0;
9935, 0.00167452, 0, 0;
9945, 0.00167241, 0, 0;
9955, 0.00157633, 0, 0;
9965, 0.000869509, 0, 0;
9975, 0.00100216, 0, 0;
9985, 0.00234154, 0, 0;
9995, 0.00313134, 0, 0;
10005, 0.00337787, 0, 0;
10015, 0.00101014, 0, 0;
10025, 0.000577662, 0, 0;
10035, 0.00110091, 0, 0;
10045, 0.000423512, 0, 0;
10055, 0.00108817, 0, 0;
10065, 0.00164528, 0, 0;
10075, 0.00279139, 0, 0;
10085, 0.00188264, 0, 0;
10095, 0.00188327, 0, 0;
10105, 0.00143773, 0, 0;
10115, 0.00142371, 0, 0;
10125, 0.00142076, 0, 0;
10135, 0.00187769, 0, 0;
10145, 0.00188647, 0, 0;
10155, 0.000741366, 0, 0;
10165, 0.00233577, 0, 0;
10175, 0.00198623, 0, 0;
10185, 0.00255378, 0, 0;
10195, 0.0013135, 0, 0;
10205, 0.00119277, 0, 0;
10215, 0.00120818, 0, 0;
10225, 0.0017753, 0, 0;
10235, 0.00164071, 0, 0;
10245, 0.00164492, 0, 0;
10255, 0.00199486, 0, 0;
10265, 0.0001836, 0, 0;
10275, 0.000747135, 0, 0;
10285, 0.00299943, 0, 0;
10295, 0.000536655, 0, 0;
10305, 0.00142326, 0, 0;
10315, 0.00130636, 0, 0;
10325, 0.00185925, 0, 0;
10335, 0.00231938, 0, 0;
10345, 0.000287017, 0, 0;
10355, 0.00164245, 0, 0;
10365, 0.00108856, 0, 0;
10375, 0.00109625, 0, 0;
10385, 0.00140511, 0, 0;
10395, 0.000618804, 0, 0;
10405, 0.000848096, 0, 0;
10415, 0.00130664, 0, 0;
10425, 0.00242224, 0, 0;
10435, 0.000637974, 0, 0;
10445, 0.00151804, 0, 0;
10455, 0.00168262, 0, 0;
10465, 0.00198796, 0, 0;
10475, 0.00118838, 0, 0;
10485, 0.00220533, 0, 0;
10495, 0.000726897, 0, 0;
10505, 0.000973298, 0, 0;
10515, 0.00174586, 0, 0;
10525, 0.000737609, 0, 0;
10535, 0.00119454, 0, 0;
10545, 0.000289579, 0, 0;
10555, 0.000952699, 0, 0;
10565, 0.00185578, 0, 0;
10575, 0.00107572, 0, 0;
10585, 0.000962866, 0, 0;
10595, 0.00208747, 0, 0;
10605, 0.000729821, 0, 0;
10615, 0.00129849, 0, 0;
10625, 0.00151521, 0, 0;
10635, 0.000278882, 0, 0;
10645, 0.00141456, 0, 0;
10655, 0.000493945, 0, 0;
10665, 0.000391555, 0, 0;
10675, 0.00040061, 0, 0;
10685, 0.00152018, 0, 0;
10695, 0.000601941, 0, 0;
10705, 0.00240988, 0, 0;
10715, 0.00162192, 0, 0;
10725, 0.00084819, 0, 0;
10735, 0.001174, 0, 0;
10745, 0.000725253, 0, 0;
10755, 0.000842968, 0, 0;
10765, 0.000957017, 0, 0;
10775, 0.00119237, 0, 0;
10785, 0.00084187, 0, 0;
10795, 0.000275125, 0, 0;
10805, 0.00218767, 0, 0;
10815, 0.00162021, 0, 0;
10825, 0.00173233, 0, 0;
10835, 0.00105565, 0, 0;
10845, 0.00206756, 0, 0;
10855, 0.00160974, 0, 0;
10865, 0.00149844, 0, 0;
10875, 0.00105822, 0, 0;
10885, 0.00128887, 0, 0;
10895, 0.00105648, 0, 0;
10905, 0.000156134, 0, 0;
10915, 0.000617431, 0, 0;
10925, 0.000155039, 0, 0;
10935, 0.00149973, 0, 0;
10945, 0.000492856, 0, 0;
10955, 0.00048279, 0, 0;
10965, 0.000156584, 0, 0;
10975, 0.00195389, 0, 0;
10985, 0.000390538, 0, 0;
10995, 0.000271183, 0, 0;
11005, 0.00116484, 0, 0;
11015, 0.000378541, 0, 0;
11025, 0.000385424, 0, 0;
11035, 0.000482775, 0, 0;
11045, 0.00172947, 0, 0;
11055, 0.000267429, 0, 0;
11065, 0.000377101, 0, 0;
11075, 0.000922005, 0, 0;
11085, 0.000392466, 0, 0;
11095, 0.000602787, 0, 0;
11105, 0.000828308, 0, 0;
11115, 0.00104382, 0, 0;
11125, 0.00117687, 0, 0;
11135, 0.00071352, 0, 0;
11145, 3.05348e-05, 0, 0;
11155, 0.00105116, 0, 0;
11165, 0.00104156, 0, 0;
11175, 0.00151305, 0, 0;
11185, 0.000147983, 0, 0;
11195, 0.000146433, 0, 0;
11205, 0.000379482, 0, 0;
11215, 0.000588316, 0, 0;
11225, 0.00014459, 0, 0;
11235, 0.00104171, 0, 0;
11245, 0.00104448, 0, 0;
11255, 0.00196382, 0, 0;
11265, 0.000260299, 0, 0;
11275, 0.000480587, 0, 0;
11285, 0.000712253, 0, 0;
11295, 2.4596e-05, 0, 0;
11305, 0.000372864, 0.413197, 21.3984;
11315, 0.000596467, 0, 0;
11325, 0.000705111, 0, 0;
11335, 0.00092429, 0, 0;
11345, 0.000377822, 0, 0;
11355, 0.000586659, 0, 0;
11365, 0.00160563, 0, 0;
11375, 0.000476004, 0, 0;
11385, 0.000590584, 0, 0;
11395, 0.000598202, 0, 0;
11405, 2.53102e-05, 0, 0;
11415, 0.000138552, 0, 0;
11425, 1.95592e-05, 0, 0;
11435, 0.000141507, 0, 0;
11445, 0.000488854, 0, 0;
11455, 0.000591793, 0, 0;
11465, 0.000256094, 0, 0;
11475, 0.000820238, 0, 0;
11485, 0.000704013, 0, 0;
11495, 0.000716679, 0, 0;
11505, 0.000589678, 0, 0;
11515, 0.000378746, 0, 0;
11525, 0.000587239, 0, 0;
11535, 0.000248472, 0, 0;
11545, 0.000921015, 0, 0;
11555, 0.000255987, 0, 0;
11565, 0.00160509, 0, 0;
11575, 0.000137535, 0, 0;
11585, 0.000258393, 0, 0;
11595, 0.000251303, 0, 0;
11605, 0.000135812, 0, 0;
11615, 0.000705121, 0, 0;
11625, 0.000252524, 0, 0;
11635, 0.000364543, 0, 0;
11645, 0.000471717, 0, 0;
11655, 0.000140118, 0, 0;
11665, 0.000138471, 0, 0;
11675, 2.14005e-05, 0, 0;
11685, 0.000587942, 0, 0;
11695, 2.39999e-05, 0, 0;
11705, 0.000471531, 0, 0;
11715, 0.000248848, 0, 0;
11725, 0.000249225, 0, 0;
11735, 0.000919356, 0, 0;
11745, 0.000130968, 0, 0;
11755, 0.00114837, 0, 0;
11765, 0.000256377, 0, 0;
11775, 0.00126893, 0, 0;
11785, 2.16889e-05, 0, 0;
11795, 0.000138958, 0, 0;
11805, 0.000468172, 0, 0;
11815, 0.000467872, 0, 0;
11825, 0.00046365, 0, 0;
11835, 0.000136393, 0, 0;
11845, 0.000580204, 0, 0;
11855, 0.000245769, 0, 0;
11865, 0.000464664, 0, 0;
11875, 0.000246846, 0, 0;
11885, 1.69273e-05, 0, 0;
11895, 1.96855e-05, 0, 0;
11905, 0.000695143, 0, 0;
11915, 0.000916919, 0, 0;
11925, 0.000249899, 0, 0;
11935, 0.000131547, 0, 0;
11945, 0.000582301, 0, 0;
11955, 0.000255467, 0, 0;
11965, 1.42875e-05, 0, 0;
11975, 0.000467433, 0, 0;
11985, 0.000463849, 0, 0;
11995, 0.000139867, 0, 0;
12005, 0.000367686, 0, 0;
12015, 0.000586507, 0, 0;
12025, 0.000478062, 0, 0;
12035, 0.000132644, 0, 0;
12045, 0.000461566, 0, 0;
12055, 0.000485047, 0, 0;
12065, 0.000582204, 0, 0;
12075, 0.000365905, 0, 0;
12085, 0.00013375, 0, 0;
12095, 0.000576463, 0, 0;
12105, 0.000247256, 0, 0;
12115, 1.31749e-05, 0, 0;
12125, 0.000579467, 0, 0;
12135, 0.000129984, 0, 0;
12145, 0.00013064, 0, 0;
12155, 0.000247254, 0, 0;
12165, 0.000816549, 0, 0;
12175, 0.000467077, 0, 0;
12185, 0.000363121, 0, 0;
12195, 9.88875e-06, 0, 0;
12205, 1.30615e-05, 0, 0;
12215, 0.000579425, 0, 0;
12225, 1.36801e-05, 0, 0;
12235, 0.000364799, 0, 0;
12245, 9.54535e-06, 0, 0;
12255, 0.00024846, 0, 0;
12265, 0.000127908, 0, 0;
12275, 1.08297e-05, 0, 0;
12285, 0.000127979, 0, 0;
12295, 0.000909518, 0, 0;
12305, 0.000693646, 0, 0;
12315, 0.000576179, 0, 0;
12325, 1.14888e-05, 0, 0;
12335, 0.000581515, 0, 0;
12345, 1.18224e-05, 0, 0;
12355, 0.000362105, 0, 0;
12365, 1.28525e-05, 0, 0;
12375, 0.000125565, 0, 0;
12385, 0.000244008, 0, 0;
12395, 0.000460992, 0, 0;
12405, 1.05219e-05, 0, 0;
12415, 1.38419e-05, 0, 0;
12425, 0.00058005, 0, 0;
12435, 1.08992e-05, 0, 0;
12445, 1.11e-05, 0, 0;
12455, 1.12555e-05, 0, 0;
12465, 0.000127872, 0, 0;
12475, 9.67324e-06, 0, 0;
12485, 0.000697593, 0, 0;
12495, 0.000461413, 0, 0;
12505, 0.000125307, 0, 0;
12515, 0.000127701, 0, 0;
12525, 9.15979e-06, 0, 0;
12535, 0.000125874, 0, 0;
12545, 0.00114135, 0, 0;
12555, 0.000576469, 0, 0;
12565, 0.000577403, 0, 0;
12575, 0.000126418, 0, 0;
12585, 0.000125699, 0, 0;
12595, 9.08366e-06, 0, 0;
12605, 0.000243072, 0, 0;
12615, 9.6182e-06, 0, 0;
12625, 1.19292e-05, 0, 0;
12635, 0.000692184, 0, 0;
12645, 0.000125699, 0, 0;
12655, 0.000913626, 0, 0;
12665, 9.93066e-06, 0, 0;
12675, 0.000124763, 0, 0;
12685, 0.000577141, 0, 0;
12695, 0.000243756, 0, 0;
12705, 0.000125513, 0, 0;
12715, 7.68925e-06, 0, 0;
12725, 8.97522e-06, 0, 0;
12735, 9.1031e-06, 0, 0;
12745, 0.00012645, 0, 0;
12755, 8.89581e-06, 0, 0;
12765, 0.000124758, 0, 0;
12775, 0.000457726, 0, 0;
12785, 9.27644e-06, 0, 0;
12795, 0.000124237, 0, 0;
12805, 8.89416e-06, 0, 0;
12815, 8.70795e-06, 0, 0;
12825, 7.70377e-06, 0, 0;
12835, 0.000456424, 0, 0;
12845, 0.000572671, 0, 0;
12855, 0.000575542, 0, 0;
12865, 6.84882e-06, 0, 0;
12875, 0.000123198, 0, 0;
12885, 0.000123007, 0, 0;
12895, 0.00012393, 0, 0;
12905, 0.000457348, 0, 0;
12915, 0.000124946, 0, 0;
12925, 7.68925e-06, 0, 0;
12935, 0.000572934, 0, 0;
12945, 0.000455939, 0, 0;
12955, 0.000588338, 0, 0;
12965, 9.63271e-06, 0, 0;
12975, 0.00057146, 0, 0;
12985, 8.35004e-06, 0, 0;
12995, 7.59861e-06, 0, 0;
13005, 0.00023971, 0, 0;
13015, 8.31279e-06, 0, 0;
13025, 0.000457254, 0, 0;
13035, 7.03668e-06, 0, 0;
13045, 0.00147194, 0, 0;
13055, 6.20584e-06, 0, 0;
13065, 0.00023971, 0, 0;
13075, 0.000573343, 0, 0;
13085, 0.000456535, 0, 0;
13095, 5.83177e-06, 0, 0;
13105, 0.000458208, 0, 0;
13115, 6.10699e-06, 0, 0;
13125, 0.000455675, 0, 0;
13135, 7.48852e-06, 0, 0;
13145, 6.55416e-06, 0, 0;
13155, 0.00045679, 0, 0;
13165, 0.000237371, 0, 0;
13175, 6.67548e-06, 0, 0;
13185, 0.000121511, 0, 0;
13195, 5.45113e-06, 0, 0;
13205, 0.000121752, 0, 0;
13215, 0.000571742, 0, 0;
13225, 5.4577e-06, 0, 0;
13235, 4.88592e-06, 0, 0;
13245, 5.90133e-06, 0, 0;
13255, 0.000239064, 0, 0;
13265, 5.64391e-06, 0, 0;
13275, 0.000455585, 0, 0;
13285, 5.61323e-06, 0, 0;
13295, 0.000455863, 0, 0;
13305, 0.000571648, 0, 0;
13315, 5.63103e-06, 0, 0;
13325, 6.39206e-06, 0, 0;
13335, 5.2682e-06, 0, 0;
13345, 7.41403e-06, 0, 0;
13355, 0.000454364, 0, 0;
13365, 7.6635e-06, 0, 0;
13375, 0.000239048, 0, 0;
13385, 0.000353807, 0, 0;
13395, 4.62219e-06, 0, 0;
13405, 4.32563e-06, 0, 0;
13415, 4.42448e-06, 0, 0;
13425, 0.000455202, 0, 0;
13435, 0.00045391, 0, 0;
13445, 0.000121228, 0, 0;
13455, 4.12654e-06, 0, 0;
13465, 5.23096e-06, 0, 0;
13475, 0.00012253, 0, 0;
13485, 5.17591e-06, 0, 0;
13495, 4.79363e-06, 0, 0;
13505, 5.55162e-06, 0, 0;
13515, 0.000121038, 0, 0;
13525, 4.89248e-06, 0, 0;
13535, 6.3759e-06, 0, 0;
13545, 0.000456134, 0, 0;
13555, 0.000570903, 0, 0;
13565, 4.90069e-06, 0, 0;
13575, 3.9532e-06, 0, 0;
13585, 4.4212e-06, 0, 0;
13595, 6.44735e-06, 0, 0;
13605, 5.18412e-06, 0, 0;
13615, 0.00068705, 0, 0;
13625, 4.8892e-06, 0, 0;
13635, 0.000120938, 0, 0;
13645, 5.53218e-06, 0, 0;
13655, 3.49176e-06, 0, 0;
13665, 6.26745e-06, 0, 0;
13675, 4.49733e-06, 0, 0;
13685, 0.000122055, 0, 0;
13695, 4.69011e-06, 0, 0;
13705, 2.91506e-06, 0, 0;
13715, 0.000121663, 0, 0;
13725, 0.0002385, 0, 0;
13735, 4.50225e-06, 0, 0;
13745, 0.000120381, 0, 0;
13755, 5.36377e-06, 0, 0;
13765, 0.000454189, 0, 0;
13775, 3.57585e-06, 0, 0;
13785, 0.000570155, 0, 0;
13795, 4.70135e-06, 0, 0;
13805, 3.67634e-06, 0, 0;
13815, 3.95156e-06, 0, 0;
13825, 0.000120664, 0, 0;
13835, 0.000120092, 0, 0;
13845, 0.000236907, 0, 0;
13855, 6.02455e-06, 0, 0;
13865, 0.000120559, 0, 0;
13875, 3.9354e-06, 0, 0;
13885, 5.91282e-06, 0, 0;
13895, 3.38799e-06, 0, 0;
13905, 4.79553e-06, 0, 0;
13915, 0.000452875, 0, 0;
13925, 2.45363e-06, 0, 0;
13935, 0.000569304, 0, 0;
13945, 0.000453539, 0, 0;
13955, 2.92983e-06, 0, 0;
13965, 0.000453256, 0, 0;
13975, 3.77191e-06, 0, 0;
13985, 4.05041e-06, 0, 0;
13995, 0.000454082, 0, 0;
14005, 0.000236056, 0, 0;
14015, 3.76698e-06, 0, 0;
14025, 4.31275e-06, 0, 0;
14035, 3.66977e-06, 0, 0;
14045, 4.70955e-06, 0, 0;
14055, 0.00012046, 0, 0;
14065, 0.000235974, 0, 0;
14075, 3.4852e-06, 0, 0;
14085, 3.67141e-06, 0, 0;
14095, 3.48192e-06, 0, 0;
14105, 3.01063e-06, 0, 0;
14115, 3.38963e-06, 0, 0;
14125, 4.39545e-06, 0, 0;
14135, 0.000119252, 0, 0;
14145, 0.0001201, 0, 0;
14155, 2.73377e-06, 0, 0;
14165, 3.20013e-06, 0, 0;
14175, 3.10949e-06, 0, 0;
14185, 2.73377e-06, 0, 0;
14195, 0.000569019, 0, 0;
14205, 3.30391e-06, 0, 0;
14215, 2.61876e-06, 0, 0;
14225, 3.77027e-06, 0, 0;
14235, 0.000120846, 0, 0;
14245, 2.92327e-06, 0, 0;
14255, 2.64148e-06, 0, 0;
14265, 0.000235303, 0, 0;
14275, 0.000120102, 0, 0;
14285, 2.26741e-06, 0, 0;
14295, 3.29734e-06, 0, 0;
14305, 2.54591e-06, 0, 0;
14315, 3.64074e-06, 0, 0;
14325, 0.000452229, 0, 0;
14335, 3.67141e-06, 0, 0;
14345, 4.31932e-06, 0, 0;
14355, 2.83098e-06, 0, 0;
14365, 2.63984e-06, 0, 0;
14375, 1.32649e-06, 0, 0;
14385, 0.000118518, 0, 0;
14395, 0.000451939, 0, 0;
14405, 3.20177e-06, 0, 0;
14415, 0.000452586, 0, 0;
14425, 0.00011954, 0, 0;
14435, 2.64477e-06, 0, 0;
14445, 2.26249e-06, 0, 0;
14455, 2.92655e-06, 0, 0;
14465, 1.80105e-06, 0, 0;
14475, 1.98234e-06, 0, 0;
14485, 0.000567999, 0, 0;
14495, 2.53796e-06, 0, 0;
14505, 0.000118228, 0, 0;
14515, 0.000235595, 0, 0;
14525, 0.00011879, 0, 0;
14535, 2.92163e-06, 0, 0;
14545, 2.08448e-06, 0, 0;
14555, 1.98891e-06, 0, 0;
14565, 2.73541e-06, 0, 0;
14575, 2.93148e-06, 0, 0;
14585, 0.000118418, 0, 0;
14595, 0.000569688, 0, 0;
14605, 2.07463e-06, 0, 0;
14615, 1.14027e-06, 0, 0;
14625, 0.000117943, 0, 0;
14635, 2.7387e-06, 0, 0;
14645, 2.08612e-06, 0, 0;
14655, 2.73049e-06, 0, 0;
14665, 2.26249e-06, 0, 0;
14675, 2.46512e-06, 0, 0;
14685, 0.000451104, 0, 0;
14695, 2.26249e-06, 0, 0;
14705, 0.000451857, 0, 0;
14715, 1.51598e-06, 0, 0;
14725, 9.6062e-07, 0, 0;
14735, 0.000118776, 0, 0;
14745, 0.000119171, 0, 0;
14755, 0.000234377, 0, 0;
14765, 2.55412e-06, 0, 0;
14775, 2.45691e-06, 0, 0;
14785, 1.8917e-06, 0, 0;
14795, 1.80762e-06, 0, 0;
14805, 1.42534e-06, 0, 0;
14815, 0.000118423, 0, 0;
14825, 1.98727e-06, 0, 0;
14835, 1.80105e-06, 0, 0;
14845, 1.89498e-06, 0, 0;
14855, 1.89334e-06, 0, 0;
14865, 0.000118228, 0, 0;
14875, 2.26577e-06, 0, 0;
14885, 1.79449e-06, 0, 0;
14895, 2.36626e-06, 0, 0;
14905, 0.000451185, 0, 0;
14915, 2.3597e-06, 0, 0;
14925, 2.07463e-06, 0, 0;
14935, 1.04634e-06, 0, 0;
14945, 3.01089e-06, 0, 0;
14955, 0.000117577, 0, 0;
14965, 2.27069e-06, 0, 0;
14975, 1.90483e-06, 0, 0;
14985, 1.2342e-06, 0, 0;
14995, 0.000118701, 0, 0;
15005, 0.000451572, 0, 0;
15015, 1.4237e-06, 0, 0;
15025, 1.98727e-06, 0, 0;
15035, 1.99876e-06, 0, 0;
15045, 1.51434e-06, 0, 0;
15055, 1.71041e-06, 0, 0;
15065, 2.08284e-06, 0, 0;
15075, 1.61648e-06, 0, 0;
15085, 1.42862e-06, 0, 0;
15095, 9.55696e-07, 0, 0;
15105, 1.89662e-06, 0, 0;
15115, 1.60663e-06, 0, 0;
15125, 1.99383e-06, 0, 0;
15135, 1.61484e-06, 0, 0;
15145, 0.000118041, 0, 0;
15155, 0.000118143, 0, 0;
15165, 1.05455e-06, 0, 0;
15175, 1.52255e-06, 0, 0;
15185, 1.98891e-06, 0, 0;
15195, 1.52419e-06, 0, 0;
15205, 1.4237e-06, 0, 0;
15215, 1.14848e-06, 0, 0;
15225, 0.000118412, 0, 0;
15235, 1.70877e-06, 0, 0;
15245, 1.70384e-06, 0, 0;
15255, 0.000451478, 0, 0;
15265, 1.79777e-06, 0, 0;
15275, 1.61155e-06, 0, 0;
15285, 1.14519e-06, 0, 0;
15295, 0.000451115, 0, 0;
15305, 1.52255e-06, 0, 0;
15315, 1.32813e-06, 0, 0;
15325, 2.18005e-06, 0, 0;
15335, 6.83758e-07, 0, 0;
15345, 1.43354e-06, 0, 0;
15355, 9.52414e-07, 0, 0;
15365, 0.000900021, 0, 0;
15375, 1.23912e-06, 0, 0;
15385, 0.00011806, 0, 0;
15395, 1.3429e-06, 0, 0;
15405, 1.04634e-06, 0, 0;
15415, 1.6132e-06, 0, 0;
15425, 0.000450265, 0, 0;
15435, 1.2342e-06, 0, 0;
15445, 5.84906e-07, 0, 0;
15455, 1.88539e-06, 0, 0;
15465, 1.14519e-06, 0, 0;
15475, 1.52747e-06, 0, 0;
15485, 1.80105e-06, 0, 0;
15495, 1.61976e-06, 0, 0;
15505, 7.8261e-07, 0, 0;
15515, 1.16489e-06, 0, 0;
15525, 8.6505e-07, 0, 0;
15535, 6.87041e-07, 0, 0;
15545, 1.06768e-06, 0, 0;
15555, 1.05127e-06, 0, 0;
15565, 9.75391e-07, 0, 0;
15575, 1.05291e-06, 0, 0;
15585, 8.71615e-07, 0, 0;
15595, 0.000118044, 0, 0;
15605, 0.00011777, 0, 0;
15615, 9.6062e-07, 0, 0;
15625, 9.6062e-07, 0, 0;
15635, 5.88189e-07, 0, 0;
15645, 6.854e-07, 0, 0;
15655, 7.72763e-07, 0, 0;
15665, 1.24405e-06, 0, 0;
15675, 1.52419e-06, 0, 0;
15685, 8.66692e-07, 0, 0;
15695, 1.24569e-06, 0, 0;
15705, 1.61976e-06, 0, 0;
15715, 0.000233629, 0, 0;
15725, 1.24405e-06, 0, 0;
15735, 1.24569e-06, 0, 0;
15745, 7.77687e-07, 0, 0;
15755, 1.63453e-06, 0, 0;
15765, 1.0726e-06, 0, 0;
15775, 1.1534e-06, 0, 0;
15785, 0.000450814, 0, 0;
15795, 1.24076e-06, 0, 0;
15805, 9.62261e-07, 0, 0;
15815, 6.91964e-07, 0, 0;
15825, 6.80476e-07, 0, 0;
15835, 1.16817e-06, 0, 0;
15845, 6.90323e-07, 0, 0;
15855, 9.72109e-07, 0, 0;
15865, 2.27246e-07, 0, 0;
15875, 9.63902e-07, 0, 0;
15885, 0.000117399, 0, 0;
15895, 9.70467e-07, 0, 0;
15905, 7.9574e-07, 0, 0;
15915, 1.25718e-06, 0, 0;
15925, 0.000450451, 0, 0;
15935, 7.84252e-07, 0, 0;
15945, 1.33633e-06, 0, 0;
15955, 9.67185e-07, 0, 0;
15965, 5.05749e-07, 0, 0;
15975, 5.88189e-07, 0, 0;
15985, 5.94754e-07, 0, 0;
15995, 7.90816e-07, 0, 0;
16005, 1.15012e-06, 0, 0;
16015, 8.83104e-07, 0, 0;
16025, 7.87534e-07, 0, 0;
16035, 0.000117123, 0, 0;
16045, 1.06932e-06, 0, 0;
16055, 6.01318e-07, 0, 0;
16065, 4.03614e-07, 0, 0;
16075, 4.97543e-07, 0, 0;
16085, 1.05619e-06, 0, 0;
16095, 6.78835e-07, 0, 0;
16105, 5.98036e-07, 0, 0;
16115, 5.93112e-07, 0, 0;
16125, 7.87534e-07, 0, 0;
16135, 1.26374e-06, 0, 0;
16145, 0.000450273, 0, 0;
16155, 7.77687e-07, 0, 0;
16165, 1.16325e-06, 0, 0;
16175, 6.77194e-07, 0, 0;
16185, 6.98529e-07, 0, 0;
16195, 1.06768e-06, 0, 0;
16205, 5.0739e-07, 0, 0;
16215, 4.18385e-07, 0, 0;
16225, 8.7818e-07, 0, 0;
16235, 8.94592e-07, 0, 0;
16245, 5.13955e-07, 0, 0;
16255, 6.88682e-07, 0, 0;
16265, 4.10179e-07, 0, 0;
16275, 7.14941e-07, 0, 0;
16285, 4.15103e-07, 0, 0;
16295, 9.80315e-07, 0, 0;
16305, 0.000117024, 0, 0;
16315, 1.07096e-06, 0, 0;
16325, 5.98036e-07, 0, 0;
16335, 0.000117123, 0, 0;
16345, 7.97381e-07, 0, 0;
16355, 5.94754e-07, 0, 0;
16365, 1.06932e-06, 0, 0;
16375, 1.06604e-06, 0, 0;
16385, 9.7375e-07, 0, 0;
16395, 9.7375e-07, 0, 0;
16405, 8.00664e-07, 0, 0;
16415, 0.000450672, 0, 0;
16425, 8.05587e-07, 0, 0;
16435, 1.08737e-06, 0, 0;
16445, 4.20026e-07, 0, 0;
16455, 4.18385e-07, 0, 0;
16465, 5.22161e-07, 0, 0;
16475, 3.31022e-07, 0, 0;
16485, 5.17237e-07, 0, 0;
16495, 0.00011722, 0, 0;
16505, 9.01157e-07, 0, 0;
16515, 6.0296e-07, 0, 0;
16525, 7.133e-07, 0, 0;
16535, 7.06735e-07, 0, 0;
16545, 4.31515e-07, 0, 0;
16555, 3.34304e-07, 0, 0;
16565, 2.33811e-07, 0, 0;
16575, 0.000116958, 0, 0;
16585, 6.16089e-07, 0, 0;
16595, 5.27085e-07, 0, 0;
16605, 7.03453e-07, 0, 0;
16615, 3.39228e-07, 0, 0;
16625, 6.17731e-07, 0, 0;
16635, 8.13793e-07, 0, 0;
16645, 8.00664e-07, 0, 0;
16655, 7.16583e-07, 0, 0;
16665, 0.00011733, 0, 0;
16675, 4.36439e-07, 0, 0;
16685, 5.32008e-07, 0, 0;
16695, 5.35291e-07, 0, 0;
16705, 4.41362e-07, 0, 0;
16715, 5.22161e-07, 0, 0;
16725, 7.19865e-07, 0, 0;
16735, 6.24295e-07, 0, 0;
16745, 5.50061e-07, 0, 0;
16755, 0.000450191, 0, 0;
16765, 1.67783e-07, 0, 0;
16775, 6.22654e-07, 0, 0;
16785, 5.28726e-07, 0, 0;
16795, 0.000683251, 0, 0;
16805, 4.2495e-07, 0, 0;
16815, 7.32995e-07, 0, 0;
16825, 3.40869e-07, 0, 0;
16835, 6.21013e-07, 0, 0;
16845, 3.75334e-07, 0, 0;
16855, 3.44151e-07, 0, 0;
16865, 2.68276e-07, 0, 0;
16875, 3.5564e-07, 0, 0;
16885, 5.4842e-07, 0, 0;
16895, 6.4399e-07, 0, 0;
16905, 5.50061e-07, 0, 0;
16915, 6.42349e-07, 0, 0;
16925, 0.000116941, 0, 0;
16935, 0.000116974, 0, 0;
16945, 5.28726e-07, 0, 0;
16955, 2.68276e-07, 0, 0;
16965, 5.6155e-07, 0, 0;
16975, 1.09747e-06, 0, 0;
16985, 5.4842e-07, 0, 0;
16995, 3.75334e-07, 0, 0;
17005, 5.59909e-07, 0, 0;
17015, 4.87316e-07, 0, 0;
17025, 8.46618e-07, 0, 0;
17035, 2.84688e-07, 0, 0;
17045, 5.45138e-07, 0, 0;
17055, 5.51703e-07, 0, 0;
17065, 2.78123e-07, 0, 0;
17075, 7.55972e-07, 0, 0;
17085, 1.84195e-07, 0, 0;
17095, 3.91746e-07, 0, 0;
17105, 4.7911e-07, 0, 0;
17115, 2.8633e-07, 0, 0;
17125, 6.47272e-07, 0, 0;
17135, 2.08813e-07, 0, 0;
17145, 4.7911e-07, 0, 0;
17155, 5.03728e-07, 0, 0;
17165, 3.8354e-07, 0, 0;
17175, 1.95684e-07, 0, 0;
17185, 8.74518e-07, 0, 0;
17195, 5.77962e-07, 0, 0;
17205, 2.23584e-07, 0, 0;
17215, 5.25064e-07, 0, 0;
17225, 2.28508e-07, 0, 0;
17235, 3.91746e-07, 0, 0;
17245, 4.11441e-07, 0, 0;
17255, 4.14723e-07, 0, 0;
17265, 3.98311e-07, 0, 0;
17275, 3.19154e-07, 0, 0;
17285, 2.10454e-07, 0, 0;
17295, 3.42131e-07, 0, 0;
17305, 0.000116881, 0, 0;
17315, 4.45906e-07, 0, 0;
17325, 2.5805e-07, 0, 0;
17335, 4.26212e-07, 0, 0;
17345, 3.38848e-07, 0, 0;
17355, 3.43772e-07, 0, 0;
17365, 3.70031e-07, 0, 0;
17375, 1.37862e-07, 0, 0;
17385, 5.59529e-07, 0, 0;
17395, 5.51323e-07, 0, 0;
17405, 4.68883e-07, 0, 0;
17415, 1.9038e-07, 0, 0;
17425, 4.65601e-07, 0, 0;
17435, 3.73314e-07, 0, 0;
17445, 3.05645e-07, 0, 0;
17455, 2.90874e-07, 0, 0;
17465, 2.95797e-07, 0, 0;
17475, 2.56408e-07, 0, 0;
17485, 3.07286e-07, 0, 0;
17495, 3.73314e-07, 0, 0;
17505, 2.9908e-07, 0, 0;
17515, 2.14999e-07, 0, 0;
17525, 4.02855e-07, 0, 0;
17535, 2.24846e-07, 0, 0;
17545, 2.36334e-07, 0, 0;
17555, 2.06793e-07, 0, 0;
17565, 2.9908e-07, 0, 0;
17575, 2.14999e-07, 0, 0;
17585, 3.5324e-07, 0, 0;
17595, 2.36334e-07, 0, 0;
17605, 4.3568e-07, 0, 0;
17615, 2.37976e-07, 0, 0;
17625, 2.19922e-07, 0, 0;
17635, 2.46182e-07, 0, 0;
17645, 5.00066e-07, 0, 0;
17655, 0.000449795, 0, 0;
17665, 4.3568e-07, 0, 0;
17675, 2.21563e-07, 0, 0;
17685, 2.19922e-07, 0, 0;
17695, 3.15492e-07, 0, 0;
17705, 3.05645e-07, 0, 0;
17715, 2.39617e-07, 0, 0;
17725, 2.33052e-07, 0, 0;
17735, 2.36334e-07, 0, 0;
17745, 2.46182e-07, 0, 0;
17755, 3.10568e-07, 0, 0;
17765, 0.000116738, 0, 0;
17775, 2.33052e-07, 0, 0;
17785, 2.00228e-07, 0, 0;
17795, 2.31411e-07, 0, 0;
17805, 1.92022e-07, 0, 0;
17815, 2.4454e-07, 0, 0;
17825, 2.39617e-07, 0, 0;
17835, 3.30263e-07, 0, 0;
17845, 2.10075e-07, 0, 0;
17855, 4.2255e-07, 0, 0;
17865, 2.2977e-07, 0, 0;
17875, 3.12209e-07, 0, 0;
17885, 1.98587e-07, 0, 0;
17895, 2.01869e-07, 0, 0;
17905, 3.10568e-07, 0, 0;
17915, 3.86443e-07, 0, 0;
17925, 0.000116626, 0, 0;
17935, 2.10075e-07, 0, 0;
17945, 3.51599e-07, 0, 0;
17955, 1.9038e-07, 0, 0;
17965, 3.17133e-07, 0, 0;
17975, 1.93663e-07, 0, 0;
17985, 1.95304e-07, 0, 0;
17995, 1.98587e-07, 0, 0;
18005, 1.95304e-07, 0, 0;
18015, 2.33052e-07, 0, 0;
18025, 2.18281e-07, 0, 0;
18035, 1.96945e-07, 0, 0;
18045, 1.83816e-07, 0, 0;
18055, 1.72327e-07, 0, 0;
18065, 2.13357e-07, 0, 0;
18075, 1.78892e-07, 0, 0;
18085, 2.23205e-07, 0, 0;
18095, 1.96945e-07, 0, 0;
18105, 1.98587e-07, 0, 0;
18115, 2.0351e-07, 0, 0;
18125, 1.6248e-07, 0, 0;
18135, 1.88739e-07, 0, 0;
18145, 2.77744e-07, 0, 0;
18155, 2.08434e-07, 0, 0;
18165, 2.79385e-07, 0, 0;
18175, 2.64614e-07, 0, 0;
18185, 1.88739e-07, 0, 0;
18195, 2.64614e-07, 0, 0;
18205, 2.00228e-07, 0, 0;
18215, 1.72327e-07, 0, 0;
18225, 1.65762e-07, 0, 0;
18235, 1.6248e-07, 0, 0;
18245, 1.88739e-07, 0, 0;
18255, 1.95304e-07, 0, 0;
18265, 1.7561e-07, 0, 0;
18275, 1.96945e-07, 0, 0;
18285, 0.000449671, 0, 0;
18295, 1.70686e-07, 0, 0;
18305, 1.88739e-07, 0, 0;
18315, 1.46068e-07, 0, 0;
18325, 1.85457e-07, 0, 0;
18335, 2.5805e-07, 0, 0;
18345, 1.9038e-07, 0, 0;
18355, 2.23205e-07, 0, 0;
18365, 1.69045e-07, 0, 0;
18375, 1.59197e-07, 0, 0;
18385, 1.6248e-07, 0, 0;
18395, 1.85457e-07, 0, 0;
18405, 1.50991e-07, 0, 0;
18415, 1.64121e-07, 0, 0;
18425, 1.46068e-07, 0, 0;
18435, 1.32938e-07, 0, 0;
18445, 1.73968e-07, 0, 0;
18455, 1.70686e-07, 0, 0;
18465, 1.23091e-07, 0, 0;
18475, 1.4935e-07, 0, 0;
18485, 1.6248e-07, 0, 0;
18495, 1.37862e-07, 0, 0;
18505, 1.70686e-07, 0, 0;
18515, 1.4935e-07, 0, 0;
18525, 2.30149e-07, 0, 0;
18535, 1.42785e-07, 0, 0;
18545, 1.60839e-07, 0, 0;
18555, 1.50991e-07, 0, 0;
18565, 2.4492e-07, 0, 0;
18575, 1.46068e-07, 0, 0;
18585, 2.61332e-07, 0, 0;
18595, 1.50991e-07, 0, 0;
18605, 1.36221e-07, 0, 0;
18615, 2.5805e-07, 0, 0;
18625, 1.6248e-07, 0, 0;
18635, 1.55915e-07, 0, 0;
18645, 1.64121e-07, 0, 0;
18655, 1.31297e-07, 0, 0;
18665, 1.47709e-07, 0, 0;
18675, 1.24732e-07, 0, 0;
18685, 1.34579e-07, 0, 0;
18695, 1.4935e-07, 0, 0;
18705, 1.34579e-07, 0, 0;
18715, 1.36221e-07, 0, 0;
18725, 1.24732e-07, 0, 0;
18735, 1.47709e-07, 0, 0;
18745, 2.49843e-07, 0, 0;
18755, 1.29656e-07, 0, 0;
18765, 1.2145e-07, 0, 0;
18775, 1.39503e-07, 0, 0;
18785, 1.19808e-07, 0, 0;
18795, 1.37862e-07, 0, 0;
18805, 1.26373e-07, 0, 0;
18815, 1.06679e-07, 0, 0;
18825, 1.29656e-07, 0, 0;
18835, 1.24732e-07, 0, 0;
18845, 1.50991e-07, 0, 0;
18855, 1.23091e-07, 0, 0;
18865, 1.0832e-07, 0, 0;
18875, 1.31297e-07, 0, 0;
18885, 1.31297e-07, 0, 0;
18895, 1.11602e-07, 0, 0;
18905, 3.25719e-07, 0, 0;
18915, 1.54274e-07, 0, 0;
18925, 1.09961e-07, 0, 0;
18935, 1.2145e-07, 0, 0;
18945, 1.31297e-07, 0, 0;
18955, 1.37862e-07, 0, 0;
18965, 1.97325e-07, 0, 0;
18975, 1.13244e-07, 0, 0;
18985, 1.2145e-07, 0, 0;
18995, 0.000116547, 0, 0;
19005, 1.24732e-07, 0, 0;
19015, 1.03396e-07, 0, 0;
19025, 1.4935e-07, 0, 0;
19035, 1.16526e-07, 0, 0;
19045, 9.51902e-08, 0, 0;
19055, 1.13244e-07, 0, 0;
19065, 1.06679e-07, 0, 0;
19075, 1.31297e-07, 0, 0;
19085, 1.94042e-07, 0, 0;
19095, 9.68314e-08, 0, 0;
19105, 1.06679e-07, 0, 0;
19115, 1.26373e-07, 0, 0;
19125, 1.0832e-07, 0, 0;
19135, 2.13737e-07, 0, 0;
19145, 9.19078e-08, 0, 0;
19155, 1.06679e-07, 0, 0;
19165, 1.05037e-07, 0, 0;
19175, 9.02666e-08, 0, 0;
19185, 9.19078e-08, 0, 0;
19195, 9.51902e-08, 0, 0;
19205, 9.02666e-08, 0, 0;
19215, 1.18167e-07, 0, 0;
19225, 9.3549e-08, 0, 0;
19235, 1.03396e-07, 0, 0;
19245, 8.69842e-08, 0, 0;
19255, 7.22133e-08, 0, 0;
19265, 8.37018e-08, 0, 0;
19275, 1.06679e-07, 0, 0;
19285, 9.3549e-08, 0, 0;
19295, 8.86254e-08, 0, 0;
19305, 1.03396e-07, 0, 0;
19315, 1.03396e-07, 0, 0;
19325, 1.97325e-07, 0, 0;
19335, 8.04193e-08, 0, 0;
19345, 1.16526e-07, 0, 0;
19355, 1.03396e-07, 0, 0;
19365, 1.0832e-07, 0, 0;
19375, 0.000449578, 0, 0;
19385, 7.71369e-08, 0, 0;
19395, 1.06679e-07, 0, 0;
19405, 1.00114e-07, 0, 0;
19415, 9.19078e-08, 0, 0;
19425, 8.37018e-08, 0, 0;
19435, 9.02666e-08, 0, 0;
19445, 1.06679e-07, 0, 0;
19455, 1.06679e-07, 0, 0;
19465, 1.00114e-07, 0, 0;
19475, 8.86254e-08, 0, 0;
19485, 9.51902e-08, 0, 0;
19495, 8.5343e-08, 0, 0;
19505, 8.04193e-08, 0, 0;
19515, 8.5343e-08, 0, 0;
19525, 8.69842e-08, 0, 0;
19535, 9.68314e-08, 0, 0;
19545, 9.19078e-08, 0, 0;
19555, 8.04193e-08, 0, 0;
19565, 9.51902e-08, 0, 0;
19575, 8.69842e-08, 0, 0;
19585, 8.5343e-08, 0, 0;
19595, 8.37018e-08, 0, 0;
19605, 8.69842e-08, 0, 0;
19615, 1.75989e-07, 0, 0;
19625, 9.51902e-08, 0, 0;
19635, 8.04193e-08, 0, 0;
19645, 7.22133e-08, 0, 0;
19655, 9.02666e-08, 0, 0;
19665, 8.37018e-08, 0, 0;
19675, 6.72896e-08, 0, 0;
19685, 8.37018e-08, 0, 0;
19695, 7.71369e-08, 0, 0;
19705, 7.54957e-08, 0, 0;
19715, 5.74424e-08, 0, 0;
19725, 7.54957e-08, 0, 0;
19735, 7.87781e-08, 0, 0;
19745, 6.2366e-08, 0, 0;
19755, 7.54957e-08, 0, 0;
19765, 9.68314e-08, 0, 0;
19775, 8.5343e-08, 0, 0;
19785, 7.54957e-08, 0, 0;
19795, 7.38545e-08, 0, 0;
19805, 7.87781e-08, 0, 0;
19815, 5.74424e-08, 0, 0;
19825, 6.89309e-08, 0, 0;
19835, 6.89309e-08, 0, 0;
19845, 7.38545e-08, 0, 0;
19855, 9.19078e-08, 0, 0;
19865, 6.07248e-08, 0, 0;
19875, 6.89309e-08, 0, 0;
19885, 5.58012e-08, 0, 0;
19895, 4.59539e-08, 0, 0;
19905, 5.58012e-08, 0, 0;
19915, 5.74424e-08, 0, 0;
19925, 7.05721e-08, 0, 0;
19935, 6.2366e-08, 0, 0;
19945, 4.26715e-08, 0, 0;
19955, 6.56484e-08, 0, 0;
19965, 6.40072e-08, 0, 0;
19975, 6.07248e-08, 0, 0;
19985, 4.26715e-08, 0, 0;
19995, 5.90836e-08, 0, 0;
20005, 7.05721e-08, 0, 0;
20015, 6.89309e-08, 0, 0;
20025, 5.25187e-08, 0, 0;
20035, 6.2366e-08, 0, 0;
20045, 1.43165e-07, 0, 0;
20055, 6.89309e-08, 0, 0;
20065, 6.89309e-08, 0, 0;
20075, 7.87781e-08, 0, 0;
20085, 6.2366e-08, 0, 0;
20095, 6.2366e-08, 0, 0;
20105, 5.58012e-08, 0, 0;
20115, 5.08775e-08, 0, 0;
20125, 5.416e-08, 0, 0;
20135, 4.92363e-08, 0, 0;
20145, 5.08775e-08, 0, 0;
20155, 6.2366e-08, 0, 0;
20165, 5.25187e-08, 0, 0;
20175, 6.56484e-08, 0, 0;
20185, 5.74424e-08, 0, 0;
20195, 6.07248e-08, 0, 0;
20205, 5.58012e-08, 0, 0;
20215, 6.07248e-08, 0, 0;
20225, 5.416e-08, 0, 0;
20235, 5.416e-08, 0, 0;
20245, 4.26715e-08, 0, 0;
20255, 4.10303e-08, 0, 0;
20265, 4.92363e-08, 0, 0;
20275, 6.07248e-08, 0, 0;
20285, 6.2366e-08, 0, 0;
20295, 7.05721e-08, 0, 0;
20305, 3.77479e-08, 0, 0;
20315, 5.25187e-08, 0, 0;
20325, 5.90836e-08, 0, 0;
20335, 5.08775e-08, 0, 0;
20345, 4.59539e-08, 0, 0;
20355, 3.61066e-08, 0, 0;
20365, 4.75951e-08, 0, 0;
20375, 3.61066e-08, 0, 0;
20385, 5.58012e-08, 0, 0;
20395, 5.08775e-08, 0, 0;
20405, 5.25187e-08, 0, 0;
20415, 0.000449538, 0, 0;
20425, 4.92363e-08, 0, 0;
20435, 5.08775e-08, 0, 0;
20445, 5.90836e-08, 0, 0;
20455, 4.43127e-08, 0, 0;
20465, 5.25187e-08, 0, 0;
20475, 5.74424e-08, 0, 0;
20485, 3.44654e-08, 0, 0;
20495, 4.92363e-08, 0, 0;
20505, 5.74424e-08, 0, 0;
20515, 4.92363e-08, 0, 0;
20525, 5.90836e-08, 0, 0;
20535, 5.416e-08, 0, 0;
20545, 3.1183e-08, 0, 0;
20555, 6.56484e-08, 0, 0;
20565, 4.59539e-08, 0, 0;
20575, 4.26715e-08, 0, 0;
20585, 3.61066e-08, 0, 0;
20595, 3.77479e-08, 0, 0;
20605, 4.43127e-08, 0, 0;
20615, 4.75951e-08, 0, 0;
20625, 3.93891e-08, 0, 0;
20635, 5.90836e-08, 0, 0;
20645, 5.416e-08, 0, 0;
20655, 3.1183e-08, 0, 0;
20665, 3.93891e-08, 0, 0;
20675, 6.07248e-08, 0, 0;
20685, 3.61066e-08, 0, 0;
20695, 3.61066e-08, 0, 0;
20705, 4.26715e-08, 0, 0;
20715, 3.93891e-08, 0, 0;
20725, 4.43127e-08, 0, 0;
20735, 4.75951e-08, 0, 0;
20745, 3.44654e-08, 0, 0;
20755, 4.59539e-08, 0, 0;
20765, 3.61066e-08, 0, 0;
20775, 3.61066e-08, 0, 0;
20785, 4.92363e-08, 0, 0;
20795, 3.61066e-08, 0, 0;
20805, 2.79006e-08, 0, 0;
20815, 2.62594e-08, 0, 0;
20825, 4.43127e-08, 0, 0;
20835, 3.93891e-08, 0, 0;
20845, 5.74424e-08, 0, 0;
20855, 4.26715e-08, 0, 0;
20865, 3.28242e-08, 0, 0;
20875, 3.93891e-08, 0, 0;
20885, 3.44654e-08, 0, 0;
20895, 3.77479e-08, 0, 0;
20905, 3.61066e-08, 0, 0;
20915, 3.77479e-08, 0, 0;
20925, 4.26715e-08, 0, 0;
20935, 3.93891e-08, 0, 0;
20945, 4.59539e-08, 0, 0;
20955, 4.26715e-08, 0, 0;
20965, 4.43127e-08, 0, 0;
20975, 3.28242e-08, 0, 0;
20985, 3.93891e-08, 0, 0;
20995, 2.95418e-08, 0, 0;
21005, 3.44654e-08, 0, 0;
21015, 2.2977e-08, 0, 0;
21025, 1.80533e-08, 0, 0;
21035, 3.93891e-08, 0, 0;
21045, 2.62594e-08, 0, 0;
21055, 3.1183e-08, 0, 0;
21065, 3.28242e-08, 0, 0;
21075, 3.1183e-08, 0, 0;
21085, 3.61066e-08, 0, 0;
21095, 2.46182e-08, 0, 0;
21105, 3.28242e-08, 0, 0;
21115, 3.44654e-08, 0, 0;
21125, 2.46182e-08, 0, 0;
21135, 4.10303e-08, 0, 0;
21145, 4.92363e-08, 0, 0;
21155, 3.93891e-08, 0, 0;
21165, 2.95418e-08, 0, 0;
21175, 3.1183e-08, 0, 0;
21185, 3.28242e-08, 0, 0;
21195, 2.62594e-08, 0, 0;
21205, 2.2977e-08, 0, 0;
21215, 1.80533e-08, 0, 0;
21225, 3.28242e-08, 0, 0;
21235, 2.95418e-08, 0, 0;
21245, 2.13357e-08, 0, 0;
21255, 1.96945e-08, 0, 0;
21265, 3.77479e-08, 0, 0;
21275, 1.96945e-08, 0, 0;
21285, 2.2977e-08, 0, 0;
21295, 2.62594e-08, 0, 0;
21305, 1.96945e-08, 0, 0;
21315, 4.26715e-08, 0, 0;
21325, 2.46182e-08, 0, 0;
21335, 3.28242e-08, 0, 0;
21345, 1.96945e-08, 0, 0;
21355, 2.46182e-08, 0, 0;
21365, 3.77479e-08, 0, 0;
21375, 1.26753e-07, 0, 0;
21385, 1.47709e-08, 0, 0;
21395, 2.13357e-08, 0, 0;
21405, 1.64121e-08, 0, 0;
21415, 2.46182e-08, 0, 0;
21425, 1.64121e-08, 0, 0;
21435, 2.13357e-08, 0, 0;
21445, 3.77479e-08, 0, 0;
21455, 2.13357e-08, 0, 0;
21465, 2.95418e-08, 0, 0;
21475, 2.62594e-08, 0, 0;
21485, 1.31297e-08, 0, 0;
21495, 2.2977e-08, 0, 0;
21505, 2.62594e-08, 0, 0;
21515, 2.62594e-08, 0, 0;
21525, 2.2977e-08, 0, 0;
21535, 2.79006e-08, 0, 0;
21545, 1.96945e-08, 0, 0;
21555, 2.46182e-08, 0, 0;
21565, 1.14885e-08, 0, 0;
21575, 1.64121e-08, 0, 0;
21585, 2.2977e-08, 0, 0;
21595, 2.46182e-08, 0, 0;
21605, 1.80533e-08, 0, 0;
21615, 2.79006e-08, 0, 0;
21625, 1.80533e-08, 0, 0;
21635, 2.62594e-08, 0, 0;
21645, 1.47709e-08, 0, 0;
21655, 2.2977e-08, 0, 0;
21665, 2.13357e-08, 0, 0;
21675, 2.79006e-08, 0, 0;
21685, 2.13357e-08, 0, 0;
21695, 2.46182e-08, 0, 0;
21705, 2.46182e-08, 0, 0;
21715, 1.80533e-08, 0, 0;
21725, 1.80533e-08, 0, 0;
21735, 1.47709e-08, 0, 0;
21745, 2.62594e-08, 0, 0;
21755, 1.31297e-08, 0, 0;
21765, 2.62594e-08, 0, 0;
21775, 3.1183e-08, 0, 0;
21785, 1.64121e-08, 0, 0;
21795, 2.2977e-08, 0, 0;
21805, 1.64121e-08, 0, 0;
21815, 2.79006e-08, 0, 0;
21825, 2.2977e-08, 0, 0;
21835, 1.31297e-08, 0, 0;
21845, 2.46182e-08, 0, 0;
21855, 2.13357e-08, 0, 0;
21865, 1.96945e-08, 0, 0;
21875, 2.2977e-08, 0, 0;
21885, 2.13357e-08, 0, 0;
21895, 9.84727e-09, 0, 0;
21905, 4.92363e-09, 0, 0;
21915, 2.13357e-08, 0, 0;
21925, 1.31297e-08, 0, 0;
21935, 1.47709e-08, 0, 0;
21945, 2.13357e-08, 0, 0;
21955, 2.79006e-08, 0, 0;
21965, 2.13357e-08, 0, 0;
21975, 1.64121e-08, 0, 0;
21985, 8.20605e-09, 0, 0;
21995, 1.47709e-08, 0, 0;
22005, 1.31297e-08, 0, 0;
22015, 1.80533e-08, 0, 0;
22025, 1.14885e-08, 0, 0;
22035, 1.31297e-08, 0, 0;
22045, 8.20605e-09, 0, 0;
22055, 9.84727e-09, 0, 0;
22065, 1.64121e-08, 0, 0;
22075, 1.47709e-08, 0, 0;
22085, 1.47709e-08, 0, 0;
22095, 1.80533e-08, 0, 0;
22105, 1.80533e-08, 0, 0;
22115, 1.31297e-08, 0, 0;
22125, 8.20605e-09, 0, 0;
22135, 1.64121e-08, 0, 0;
22145, 8.20605e-09, 0, 0;
22155, 1.64121e-08, 0, 0;
22165, 1.47709e-08, 0, 0;
22175, 1.96945e-08, 0, 0;
22185, 9.84727e-09, 0, 0;
22195, 1.47709e-08, 0, 0;
22205, 1.31297e-08, 0, 0;
22215, 9.84727e-09, 0, 0;
22225, 1.47709e-08, 0, 0;
22235, 1.64121e-08, 0, 0;
22245, 1.80533e-08, 0, 0;
22255, 1.14885e-08, 0, 0;
22265, 1.31297e-08, 0, 0;
22275, 1.47709e-08, 0, 0;
22285, 1.80533e-08, 0, 0;
22295, 3.28242e-09, 0, 0;
22305, 1.31297e-08, 0, 0;
22315, 9.84727e-09, 0, 0;
22325, 1.80533e-08, 0, 0;
22335, 1.14885e-08, 0, 0;
22345, 1.31297e-08, 0, 0;
22355, 2.2977e-08, 0, 0;
22365, 4.92363e-09, 0, 0;
22375, 1.47709e-08, 0, 0;
22385, 9.84727e-09, 0, 0;
22395, 1.64121e-08, 0, 0;
22405, 1.80533e-08, 0, 0;
22415, 1.96945e-08, 0, 0;
22425, 2.13357e-08, 0, 0;
22435, 1.31297e-08, 0, 0;
22445, 1.14885e-08, 0, 0;
22455, 1.80533e-08, 0, 0;
22465, 1.80533e-08, 0, 0;
22475, 1.64121e-08, 0, 0;
22485, 6.56484e-09, 0, 0;
22495, 6.56484e-09, 0, 0;
22505, 1.14885e-08, 0, 0;
22515, 2.2977e-08, 0, 0;
22525, 1.14885e-08, 0, 0;
22535, 1.96945e-08, 0, 0;
22545, 8.20605e-09, 0, 0;
22555, 1.14885e-08, 0, 0;
22565, 1.64121e-08, 0, 0;
22575, 2.2977e-08, 0, 0;
22585, 1.31297e-08, 0, 0;
22595, 6.56484e-09, 0, 0;
22605, 9.84727e-09, 0, 0;
22615, 1.14885e-08, 0, 0;
22625, 1.31297e-08, 0, 0;
22635, 9.84727e-09, 0, 0;
22645, 8.20605e-09, 0, 0;
22655, 1.31297e-08, 0, 0;
22665, 1.64121e-08, 0, 0;
22675, 8.20605e-09, 0, 0;
22685, 9.84727e-09, 0, 0;
22695, 8.20605e-09, 0, 0;
22705, 1.64121e-08, 0, 0;
22715, 2.2977e-08, 0, 0;
22725, 1.14885e-08, 0, 0;
22735, 6.56484e-09, 0, 0;
22745, 8.20605e-09, 0, 0;
22755, 1.80533e-08, 0, 0;
22765, 3.28242e-09, 0, 0;
22775, 1.47709e-08, 0, 0;
22785, 1.64121e-08, 0, 0;
22795, 1.47709e-08, 0, 0;
22805, 9.84727e-09, 0, 0;
22815, 1.14885e-08, 0, 0;
22825, 1.64121e-08, 0, 0;
22835, 8.20605e-09, 0, 0;
22845, 1.96945e-08, 0, 0;
22855, 9.84727e-09, 0, 0;
22865, 9.84727e-09, 0, 0;
22875, 1.64121e-08, 0, 0;
22885, 1.64121e-08, 0, 0;
22895, 6.56484e-09, 0, 0;
22905, 1.31297e-08, 0, 0;
22915, 8.20605e-09, 0, 0;
22925, 4.92363e-09, 0, 0;
22935, 8.20605e-09, 0, 0;
22945, 8.20605e-09, 0, 0;
22955, 4.92363e-09, 0, 0;
22965, 1.47709e-08, 0, 0;
22975, 8.20605e-09, 0, 0;
22985, 4.92363e-09, 0, 0;
22995, 1.14885e-08, 0, 0;
23005, 1.80533e-08, 0, 0;
23015, 9.84727e-09, 0, 0;
23025, 1.31297e-08, 0, 0;
23035, 1.14885e-08, 0, 0;
23045, 8.20605e-09, 0, 0;
23055, 9.84727e-09, 0, 0;
23065, 1.64121e-09, 0, 0;
23075, 9.84727e-09, 0, 0;
23085, 4.92363e-09, 0, 0;
23095, 9.84727e-09, 0, 0;
23105, 6.56484e-09, 0, 0;
23115, 1.31297e-08, 0, 0;
23125, 4.92363e-09, 0, 0;
23135, 9.84727e-09, 0, 0;
23145, 4.92363e-09, 0, 0;
23155, 1.31297e-08, 0, 0;
23165, 1.14885e-08, 0, 0;
23175, 1.47709e-08, 0, 0;
23185, 8.20605e-09, 0, 0;
23195, 3.28242e-09, 0, 0;
23205, 3.28242e-09, 0, 0;
23215, 6.56484e-09, 0, 0;
23225, 8.20605e-09, 0, 0;
23235, 4.92363e-09, 0, 0;
23245, 9.84727e-09, 0, 0;
23255, 6.56484e-09, 0, 0;
23265, 4.92363e-09, 0, 0;
23275, 8.20605e-09, 0, 0;
23285, 4.92363e-09, 0, 0;
23295, 1.31297e-08, 0, 0;
23305, 9.84727e-09, 0, 0;
23315, 9.84727e-09, 0, 0;
23325, 3.28242e-09, 0, 0;
23335, 6.56484e-09, 0, 0;
23345, 6.56484e-09, 0, 0;
23355, 3.28242e-09, 0, 0;
23365, 4.92363e-09, 0, 0;
23375, 8.20605e-09, 0, 0;
23385, 4.92363e-09, 0, 0;
23395, 1.14885e-08, 0, 0;
23405, 8.20605e-09, 0, 0;
23415, 8.20605e-09, 0, 0;
23425, 4.92363e-09, 0, 0;
23435, 6.56484e-09, 0, 0;
23445, 6.56484e-09, 0, 0;
23455, 1.14885e-08, 0, 0;
23465, 9.84727e-09, 0, 0;
23475, 6.56484e-09, 0, 0;
23485, 8.20605e-09, 0, 0;
23495, 6.56484e-09, 0, 0;
23505, 4.92363e-09, 0, 0;
23515, 1.64121e-09, 0, 0;
23525, 1.31297e-08, 0, 0;
23535, 4.92363e-09, 0, 0;
23545, 6.56484e-09, 0, 0;
23555, 8.20605e-09, 0, 0;
23565, 9.84727e-09, 0, 0;
23575, 8.20605e-09, 0, 0;
23585, 4.92363e-09, 0, 0;
23595, 4.92363e-09, 0, 0;
23605, 8.20605e-09, 0, 0;
23615, 8.20605e-09, 0, 0;
23625, 9.84727e-09, 0, 0;
23635, 6.56484e-09, 0, 0;
23645, 4.92363e-09, 0, 0;
23655, 6.56484e-09, 0, 0;
23665, 8.20605e-09, 0, 0;
23675, 4.92363e-09, 0, 0;
23685, 4.92363e-09, 0, 0;
23695, 1.14885e-08, 0, 0;
23705, 6.56484e-09, 0, 0;
23715, 9.84727e-09, 0, 0;
23725, 4.92363e-09, 0, 0;
23735, 1.64121e-09, 0, 0;
23745, 4.92363e-09, 0, 0;
23755, 3.28242e-09, 0, 0;
23765, 6.56484e-09, 0, 0;
23775, 9.84727e-09, 0, 0;
23785, 3.28242e-09, 0, 0;
23795, 8.20605e-09, 0, 0;
23805, 8.20605e-09, 0, 0;
23815, 8.20605e-09, 0, 0;
23825, 6.56484e-09, 0, 0;
23835, 4.92363e-09, 0, 0;
23845, 1.14885e-08, 0, 0;
23855, 3.28242e-09, 0, 0;
23865, 1.14885e-08, 0, 0;
23875, 9.84727e-09, 0, 0;
23885, 4.92363e-09, 0, 0;
23895, 4.92363e-09, 0, 0;
23905, 1.14885e-08, 0, 0;
23915, 1.64121e-09, 0, 0;
23925, 1.64121e-09, 0, 0;
23935, 4.92363e-09, 0, 0;
23945, 3.28242e-09, 0, 0;
23955, 6.56484e-09, 0, 0;
23965, 4.92363e-09, 0, 0;
23975, 0, 0, -1;
23985, 6.56484e-09, 0, 0;
23995, 4.92363e-09, 0, 0;
24005, 3.28242e-09, 0, 0;
24015, 4.92363e-09, 0, 0;
24025, 1.64121e-09, 0, 0;
24035, 3.28242e-09, 0, 0;
24045, 4.92363e-09, 0, 0;
24055, 9.84727e-09, 0, 0;
24065, 3.28242e-09, 0, 0;
24075, 4.92363e-09, 0, 0;
24085, 6.56484e-09, 0, 0;
24095, 3.28242e-09, 0, 0;
24105, 1.64121e-09, 0, 0;
24115, 6.56484e-09, 0, 0;
24125, 3.28242e-09, 0, 0;
24135, 8.20605e-09, 0, 0;
24145, 4.92363e-09, 0, 0;
24155, 4.92363e-09, 0, 0;
24165, 8.20605e-09, 0, 0;
24175, 3.28242e-09, 0, 0;
24185, 3.28242e-09, 0, 0;
24195, 3.28242e-09, 0, 0;
24205, 6.56484e-09, 0, 0;
24215, 1.64121e-09, 0, 0;
24225, 1.64121e-09, 0, 0;
24235, 4.92363e-09, 0, 0;
24245, 4.92363e-09, 0, 0;
24255, 3.28242e-09, 0, 0;
24265, 3.28242e-09, 0, 0;
24275, 1.64121e-09, 0, 0;
24285, 3.28242e-09, 0, 0;
24295, 4.92363e-09, 0, 0;
24305, 8.20605e-09, 0, 0;
24315, 4.92363e-09, 0, 0;
24325, 4.92363e-09, 0, 0;
24335, 3.28242e-09, 0, 0;
24345, 3.28242e-09, 0, 0;
24355, 1.64121e-09, 0, 0;
24365, 3.28242e-09, 0, 0;
24375, 3.28242e-09, 0, 0;
24385, 0, 0, -1;
24395, 6.56484e-09, 0, 0;
24405, 4.92363e-09, 0, 0;
24415, 4.92363e-09, 0, 0;
24425, 4.92363e-09, 0, 0;
24435, 0, 0, -1;
24445, 1.64121e-09, 0, 0;
24455, 3.28242e-09, 0, 0;
24465, 3.28242e-09, 0, 0;
24475, 6.56484e-09, 0, 0;
24485, 8.20605e-09, 0, 0;
24495, 4.92363e-09, 0, 0;
24505, 0, 0, -1;
24515, 1.64121e-09, 0, 0;
24525, 6.56484e-09, 0, 0;
24535, 1.64121e-09, 0, 0;
24545, 1.64121e-09, 0, 0;
24555, 4.92363e-09, 0, 0;
24565, 0, 0, -1;
24575, 3.28242e-09, 0, 0;
24585, 4.92363e-09, 0, 0;
24595, 8.20605e-09, 0, 0;
24605, 4.92363e-09, 0, 0;
24615, 1.64121e-09, 0, 0;
24625, 4.92363e-09, 0, 0;
24635, 3.28242e-09, 0, 0;
24645, 4.92363e-09, 0, 0;
24655, 4.92363e-09, 0, 0;
24665, 3.28242e-09, 0, 0;
24675, 4.92363e-09, 0, 0;
24685, 1.64121e-09, 0, 0;
24695, 3.28242e-09, 0, 0;
24705, 0, 0, -1;
24715, 1.64121e-09, 0, 0;
24725, 0, 0, -1;
24735, 3.28242e-09, 0, 0;
24745, 1.64121e-09, 0, 0;
24755, 1.64121e-09, 0, 0;
24765, 3.28242e-09, 0, 0;
24775, 1.64121e-09, 0, 0;
24785, 1.64121e-09, 0, 0;
24795, 1.64121e-09, 0, 0;
24805, 1.64121e-09, 0, 0;
24815, 1.64121e-09, 0, 0;
24825, 3.28242e-09, 0, 0;
24835, 3.28242e-09, 0, 0;
24845, 6.56484e-09, 0, 0;
24855, 4.92363e-09, 0, 0;
24865, 3.28242e-09, 0, 0;
24875, 1.64121e-09, 0, 0;
24885, 1.64121e-09, 0, 0;
24895, 3.28242e-09, 0, 0;
24905, 1.64121e-09, 0, 0;
24915, 0, 0, -1;
24925, 4.92363e-09, 0, 0;
24935, 4.92363e-09, 0, 0;
24945, 1.64121e-09, 0, 0;
24955, 1.64121e-09, 0, 0;
24965, 8.20605e-09, 0, 0;
24975, 6.56484e-09, 0, 0;
24985, 1.64121e-09, 0, 0;
24995, 6.56484e-09, 0, 0;
25005, 1.64121e-09, 0, 0;
25015, 1.64121e-09, 0, 0;
25025, 1.64121e-09, 0, 0;
25035, 1.64121e-09, 0, 0;
25045, 0, 0, -1;
25055, 3.28242e-09, 0, 0;
25065, 4.92363e-09, 0, 0;
25075, 4.92363e-09, 0, 0;
25085, 4.92363e-09, 0, 0;
25095, 0, 0, -1;
25105, 6.56484e-09, 0, 0;
25115, 9.84727e-09, 0, 0;
25125, 1.64121e-09, 0, 0;
25135, 3.28242e-09, 0, 0;
25145, 4.92363e-09, 0, 0;
25155, 3.28242e-09, 0, 0;
25165, 0, 0, -1;
25175, 1.64121e-09, 0, 0;
25185, 1.64121e-09, 0, 0;
25195, 6.56484e-09, 0, 0;
25205, 3.28242e-09, 0, 0;
25215, 8.20605e-09, 0, 0;
25225, 1.64121e-09, 0, 0;
25235, 3.28242e-09, 0, 0;
25245, 0, 0, -1;
25255, 4.92363e-09, 0, 0;
25265, 1.64121e-09, 0, 0;
25275, 0, 0, -1;
25285, 0, 0, -1;
25295, 1.64121e-09, 0, 0;
25305, 3.28242e-09, 0, 0;
25315, 1.64121e-09, 0, 0;
25325, 3.28242e-09, 0, 0;
25335, 3.28242e-09, 0, 0;
25345, 1.64121e-09, 0, 0;
25355, 3.28242e-09, 0, 0;
25365, 1.64121e-09, 0, 0;
25375, 8.20605e-09, 0, 0;
25385, 0, 0, -1;
25395, 0, 0, -1;
25405, 6.56484e-09, 0, 0;
25415, 1.64121e-09, 0, 0;
25425, 0, 0, -1;
25435, 3.28242e-09, 0, 0;
25445, 4.92363e-09, 0, 0;
25455, 1.64121e-09, 0, 0;
25465, 3.28242e-09, 0, 0;
25475, 1.64121e-09, 0, 0;
25485, 0, 0, -1;
25495, 3.28242e-09, 0, 0;
25505, 6.56484e-09, 0, 0;
25515, 3.28242e-09, 0, 0;
25525, 4.92363e-09, 0, 0;
25535, 4.92363e-09, 0, 0;
25545, 6.56484e-09, 0, 0;
25555, 3.28242e-09, 0, 0;
25565, 1.64121e-09, 0, 0;
25575, 1.64121e-09, 0, 0;
25585, 3.28242e-09, 0, 0;
25595, 3.28242e-09, 0, 0;
25605, 3.28242e-09, 0, 0;
25615, 1.64121e-09, 0, 0;
25625, 3.28242e-09, 0, 0;
25635, 0, 0, -1;
25645, 0, 0, -1;
25655, 0, 0, -1;
25665, 3.28242e-09, 0, 0;
25675, 3.28242e-09, 0, 0;
25685, 3.28242e-09, 0, 0;
25695, 4.92363e-09, 0, 0;
25705, 3.28242e-09, 0, 0;
25715, 1.64121e-09, 0, 0;
25725, 3.28242e-09, 0, 0;
25735, 0, 0, -1;
25745, 4.92363e-09, 0, 0;
25755, 1.64121e-09, 0, 0;
25765, 4.92363e-09, 0, 0;
25775, 1.64121e-09, 0, 0;
25785, 0, 0, -1;
25795, 0, 0, -1;
25805, 0, 0, -1;
25815, 0, 0, -1;
25825, 1.64121e-09, 0, 0;
25835, 0, 0, -1;
25845, 3.28242e-09, 0, 0;
25855, 3.28242e-09, 0, 0;
25865, 4.92363e-09, 0, 0;
25875, 1.64121e-09, 0, 0;
25885, 1.64121e-09, 0, 0;
25895, 1.64121e-09, 0, 0;
25905, 1.64121e-09, 0, 0;
25915, 1.64121e-09, 0, 0;
25925, 0, 0, -1;
25935, 1.64121e-09, 0, 0;
25945, 1.64121e-09, 0, 0;
25955, 0, 0, -1;
25965, 1.64121e-09, 0, 0;
25975, 0, 0, -1;
25985, 1.64121e-09, 0, 0;
25995, 0, 0, -1;
26005, 0, 0, -1;
26015, 0, 0, -1;
26025, 1.64121e-09, 0, 0;
26035, 0, 0, -1;
26045, 0, 0, -1;
26055, 0, 0, -1;
26065, 3.28242e-09, 0, 0;
26075, 0, 0, -1;
26085, 3.28242e-09, 0, 0;
26095, 4.92363e-09, 0, 0;
26105, 1.64121e-09, 0, 0;
26115, 3.28242e-09, 0, 0;
26125, 0, 0, -1;
26135, 1.64121e-09, 0, 0;
26145, 3.28242e-09, 0, 0;
26155, 0, 0, -1;
26165, 3.28242e-09, 0, 0;
26175, 1.64121e-09, 0, 0;
26185, 1.64121e-09, 0, 0;
26195, 1.64121e-09, 0, 0;
26205, 0, 0, -1;
26215, 3.28242e-09, 0, 0;
26225, 1.64121e-09, 0, 0;
26235, 3.28242e-09, 0, 0;
26245, 0, 0, -1;
26255, 3.28242e-09, 0, 0;
26265, 0, 0, -1;
26275, 0, 0, -1;
26285, 1.64121e-09, 0, 0;
26295, 1.64121e-09, 0, 0;
26305, 0, 0, -1;
26315, 0, 0, -1;
26325, 0, 0, -1;
26335, 3.28242e-09, 0, 0;
26345, 0, 0, -1;
26355, 0, 0, -1;
26365, 0, 0, -1;
26375, 0, 0, -1;
26385, 1.64121e-09, 0, 0;
26395, 1.64121e-09, 0, 0;
26405, 0, 0, -1;
26415, 3.28242e-09, 0, 0;
26425, 0, 0, -1;
26435, 1.64121e-09, 0, 0;
26445, 1.64121e-09, 0, 0;
26455, 1.64121e-09, 0, 0;
26465, 1.64121e-09, 0, 0;
26475, 1.64121e-09, 0, 0;
26485, 1.64121e-09, 0, 0;
26495, 0, 0, -1;
26505, 1.64121e-09, 0, 0;
26515, 1.64121e-09, 0, 0;
26525, 1.64121e-09, 0, 0;
26535, 0, 0, -1;
26545, 0, 0, -1;
26555, 0, 0, -1;
26565, 0, 0, -1;
26575, 0, 0, -1;
26585, 3.28242e-09, 0, 0;
26595, 1.64121e-09, 0, 0;
26605, 0, 0, -1;
26615, 0, 0, -1;
26625, 1.64121e-09, 0, 0;
26635, 0, 0, -1;
26645, 0, 0, -1;
26655, 3.28242e-09, 0, 0;
26665, 0, 0, -1;
26675, 1.64121e-09, 0, 0;
26685, 0, 0, -1;
26695, 0, 0, -1;
26705, 0, 0, -1;
26715, 1.64121e-09, 0, 0;
26725, 1.64121e-09, 0, 0;
26735, 1.64121e-09, 0, 0;
26745, 0, 0, -1;
26755, 3.28242e-09, 0, 0;
26765, 1.64121e-09, 0, 0;
26775, 0, 0, -1;
26785, 1.64121e-09, 0, 0;
26795, 0, 0, -1;
26805, 1.64121e-09, 0, 0;
26815, 0, 0, -1;
26825, 1.64121e-09, 0, 0;
26835, 0, 0, -1;
26845, 1.64121e-09, 0, 0;
26855, 0, 0, -1;
26865, 0, 0, -1;
26875, 1.64121e-09, 0, 0;
26885, 0, 0, -1;
26895, 0, 0, -1;
26905, 0, 0, -1;
26915, 0, 0, -1;
26925, 0, 0, -1;
26935, 0, 0, -1;
26945, 0, 0, -1;
26955, 0, 0, -1;
26965, 0, 0, -1;
26975, 0, 0, -1;
26985, 0, 0, -1;
26995, 0, 0, -1;
27005, 0, 0, -1;
27015, 1.64121e-09, 0, 0;
27025, 0, 0, -1;
27035, 0, 0, -1;
27045, 0, 0, -1;
27055, 3.28242e-09, 0, 0;
27065, 0, 0, -1;
27075, 0, 0, -1;
27085, 0, 0, -1;
27095, 0, 0, -1;
27105, 1.64121e-09, 0, 0;
27115, 0, 0, -1;
27125, 3.28242e-09, 0, 0;
27135, 1.64121e-09, 0, 0;
27145, 0, 0, -1;
27155, 1.64121e-09, 0, 0;
27165, 0, 0, -1;
27175, 0, 0, -1;
27185, 0, 0, -1;
27195, 0, 0, -1;
27205, 0, 0, -1;
27215, 1.64121e-09, 0, 0;
27225, 0, 0, -1;
27235, 0, 0, -1;
27245, 0, 0, -1;
27255, 0, 0, -1;
27265, 1.64121e-09, 0, 0;
27275, 0, 0, -1;
27285, 0, 0, -1;
27295, 0, 0, -1;
27305, 0, 0, -1;
27315, 1.64121e-09, 0, 0;
27325, 0, 0, -1;
27335, 1.64121e-09, 0, 0;
27345, 0, 0, -1;
27355, 0, 0, -1;
27365, 0, 0, -1;
27375, 1.64121e-09, 0, 0;
27385, 1.64121e-09, 0, 0;
27395, 0, 0, -1;
27405, 0, 0, -1;
27415, 0, 0, -1;
27425, 0, 0, -1;
27435, 1.64121e-09, 0, 0;
27445, 0, 0, -1;
27455, 1.64121e-09, 0, 0;
27465, 0, 0, -1;
27475, 0, 0, -1;
27485, 0, 0, -1;
27495, 1.64121e-09, 0, 0;
27505, 0, 0, -1;
27515, 0, 0, -1;
27525, 0, 0, -1;
27535, 0, 0, -1;
27545, 0, 0, -1;
27555, 0, 0, -1;
27565, 1.64121e-09, 0, 0;
27575, 0, 0, -1;
27585, 0, 0, -1;
27595, 0, 0, -1;
27605, 0, 0, -1;
27615, 0, 0, -1;
27625, 0, 0, -1;
27635, 0, 0, -1;
27645, 0, 0, -1;
27655, 0, 0, -1;
27665, 1.64121e-09, 0, 0;
27675, 0, 0, -1;
27685, 1.64121e-09, 0, 0;
27695, 1.64121e-09, 0, 0;
27705, 1.64121e-09, 0, 0;
27715, 0, 0, -1;
27725, 0, 0, -1;
27735, 0, 0, -1;
27745, 0, 0, -1;
27755, 0, 0, -1;
27765, 0, 0, -1;
27775, 0, 0, -1;
27785, 0, 0, -1;
27795, 0, 0, -1;
27805, 0, 0, -1;
27815, 0, 0, -1;
27825, 0, 0, -1;
27835, 0, 0, -1;
27845, 0, 0, -1;
27855, 0, 0, -1;
27865, 0, 0, -1;
27875, 0, 0, -1;
27885, 0, 0, -1;
27895, 0, 0, -1;
27905, 0, 0, -1;
27915, 0, 0, -1;
27925, 0, 0, -1;
27935, 0, 0, -1;
27945, 0, 0, -1;
27955, 0, 0, -1;
27965, 0, 0, -1;
27975, 0, 0, -1;
27985, 0, 0, -1;
27995, 1.64121e-09, 0, 0;
28005, 0, 0, -1;
28015, 0, 0, -1;
28025, 0, 0, -1;
28035, 0, 0, -1;
28045, 0, 0, -1;
28055, 0, 0, -1;
28065, 0, 0, -1;
28075, 0, 0, -1;
28085, 0, 0, -1;
28095, 0, 0, -1;
28105, 0, 0, -1;
28115, 1.64121e-09, 0, 0;
28125, 1.64121e-09, 0, 0;
28135, 0, 0, -1;
28145, 1.64121e-09, 0, 0;
28155, 0, 0, -1;
28165, 1.64121e-09, 0, 0;
28175, 1.64121e-09, 0, 0;
28185, 0, 0, -1;
28195, 0, 0, -1;
28205, 0, 0, -1;
28215, 0, 0, -1;
28225, 0, 0, -1;
28235, 0, 0, -1;
28245, 0, 0, -1;
28255, 0, 0, -1;
28265, 0, 0, -1;
28275, 0, 0, -1;
28285, 0, 0, -1;
28295, 0, 0, -1;
28305, 3.28242e-09, 0, 0;
28315, 0, 0, -1;
28325, 0, 0, -1;
28335, 1.64121e-09, 0, 0;
28345, 0, 0, -1;
28355, 0, 0, -1;
28365, 0, 0, -1;
28375, 0, 0, -1;
28385, 0, 0, -1;
28395, 0, 0, -1;
28405, 0, 0, -1;
28415, 0, 0, -1;
28425, 0, 0, -1;
28435, 0, 0, -1;
28445, 1.64121e-09, 0, 0;
28455, 1.64121e-09, 0, 0;
28465, 0, 0, -1;
28475, 1.64121e-09, 0, 0;
28485, 0, 0, -1;
28495, 0, 0, -1;
28505, 0, 0, -1;
28515, 1.64121e-09, 0, 0;
28525, 1.64121e-09, 0, 0;
28535, 0, 0, -1;
28545, 0, 0, -1;
28555, 0, 0, -1;
28565, 0, 0, -1;
28575, 3.28242e-09, 0, 0;
28585, 1.64121e-09, 0, 0;
28595, 0, 0, -1;
28605, 0, 0, -1;
28615, 0, 0, -1;
28625, 1.64121e-09, 0, 0;
28635, 1.64121e-09, 0, 0;
28645, 0, 0, -1;
28655, 0, 0, -1;
28665, 1.64121e-09, 0, 0;
28675, 0, 0, -1;
28685, 0, 0, -1;
28695, 0, 0, -1;
28705, 0, 0, -1;
28715, 0, 0, -1;
28725, 0, 0, -1;
28735, 1.64121e-09, 0, 0;
28745, 0, 0, -1;
28755, 0, 0, -1;
28765, 0, 0, -1;
28775, 0, 0, -1;
28785, 0, 0, -1;
28795, 0, 0, -1;
28805, 0, 0, -1;
28815, 0, 0, -1;
28825, 0, 0, -1;
28835, 0, 0, -1;
28845, 0, 0, -1;
28855, 0, 0, -1;
28865, 0, 0, -1;
28875, 0, 0, -1;
28885, 0, 0, -1;
28895, 1.64121e-09, 0, 0;
28905, 0, 0, -1;
28915, 0, 0, -1;
28925, 0, 0, -1;
28935, 0, 0, -1;
28945, 0, 0, -1;
28955, 0, 0, -1;
28965, 0, 0, -1;
28975, 0, 0, -1;
28985, 0, 0, -1;
28995, 0, 0, -1;
29005, 0, 0, -1;
29015, 0, 0, -1;
29025, 0, 0, -1;
29035, 0, 0, -1;
29045, 0, 0, -1;
29055, 0, 0, -1;
29065, 0, 0, -1;
29075, 0, 0, -1;
29085, 0, 0, -1;
29095, 0, 0, -1;
29105, 0, 0, -1;
29115, 1.64121e-09, 0, 0;
29125, 0, 0, -1;
29135, 0, 0, -1;
29145, 0, 0, -1;
29155, 0, 0, -1;
29165, 0, 0, -1;
29175, 0, 0, -1;
29185, 0, 0, -1;
29195, 0, 0, -1;
29205, 0, 0, -1;
29215, 0, 0, -1;
29225, 0, 0, -1;
29235, 0, 0, -1;
29245, 0, 0, -1;
29255, 0, 0, -1;
29265, 0, 0, -1;
29275, 0, 0, -1;
29285, 0, 0, -1;
29295, 0, 0, -1;
29305, 0, 0, -1;
29315, 0, 0, -1;
29325, 0, 0, -1;
29335, 1.64121e-09, 0, 0;
29345, 1.64121e-09, 0, 0;
29355, 0, 0, -1;
29365, 0, 0, -1;
29375, 0, 0, -1;
29385, 0, 0, -1;
29395, 0, 0, -1;
29405, 0, 0, -1;
29415, 0, 0, -1;
29425, 0, 0, -1;
29435, 0, 0, -1;
29445, 0, 0, -1;
29455, 0, 0, -1;
29465, 0, 0, -1;
29475, 0, 0, -1;
29485, 0, 0, -1;
29495, 0, 0, -1;
29505, 1.64121e-09, 0, 0;
29515, 0, 0, -1;
29525, 1.64121e-09, 0, 0;
29535, 0, 0, -1;
29545, 0, 0, -1;
29555, 0, 0, -1;
29565, 0, 0, -1;
29575, 0, 0, -1;
29585, 0, 0, -1;
29595, 0, 0, -1;
29605, 0, 0, -1;
29615, 0, 0, -1;
29625, 0, 0, -1;
29635, 0, 0, -1;
29645, 0, 0, -1;
29655, 0, 0, -1;
29665, 0, 0, -1;
29675, 0, 0, -1;
29685, 0, 0, -1;
29695, 0, 0, -1;
29705, 0, 0, -1;
29715, 0, 0, -1;
29725, 0, 0, -1;
29735, 0, 0, -1;
29745, 0, 0, -1;
29755, 0, 0, -1;
29765, 0, 0, -1;
29775, 0, 0, -1;
29785, 0, 0, -1;
29795, 0, 0, -1;
29805, 0, 0, -1;
29815, 0, 0, -1;
29825, 0, 0, -1;
29835, 0, 0, -1;
29845, 0, 0, -1;
29855, 1.64121e-09, 0, 0;
29865, 0, 0, -1;
29875, 0, 0, -1;
29885, 0, 0, -1;
29895, 0, 0, -1;
29905, 0, 0, -1;
29915, 0, 0, -1;
29925, 0, 0, -1;
29935, 0, 0, -1;
29945, 0, 0, -1;
29955, 0, 0, -1;
29965, 0, 0, -1;
29975, 0, 0, -1;
29985, 0, 0, -1;
29995, 0, 0, -1;
30005, 0, 0, -1;
30015, 0, 0, -1;
30025, 0, 0, -1;
30035, 0, 0, -1;
30045, 0, 0, -1;
30055, 0, 0, -1;
30065, 0, 0, -1;
30075, 0, 0, -1;
30085, 0, 0, -1;
30095, 0, 0, -1;
30105, 0, 0, -1;
30115, 0, 0, -1;
30125, 0, 0, -1;
30135, 0, 0, -1;
30145, 0, 0, -1;
30155, 0, 0, -1;
30165, 0, 0, -1;
30175, 1.64121e-09, 0, 0;
30185, 0, 0, -1;
30195, 0, 0, -1;
30205, 1.64121e-09, 0, 0;
30215, 0, 0, -1;
30225, 0, 0, -1;
30235, 0, 0, -1;
30245, 0, 0, -1;
30255, 0, 0, -1;
30265, 0, 0, -1;
30275, 0, 0, -1;
30285, 0, 0, -1;
30295, 0, 0, -1;
30305, 0, 0, -1;
30315, 0, 0, -1;
30325, 0, 0, -1;
30335, 0, 0, -1;
30345, 0, 0, -1;
30355, 0, 0, -1;
30365, 0, 0, -1;
30375, 0, 0, -1;
30385, 0, 0, -1;
30395, 0, 0, -1;
30405, 0, 0, -1;
30415, 0, 0, -1;
30425, 0, 0, -1;
30435, 0, 0, -1;
30445, 0, 0, -1;
30455, 0, 0, -1;
30465, 0, 0, -1;
30475, 0, 0, -1;
30485, 0, 0, -1;
30495, 0, 0, -1;
30505, 0, 0, -1;
30515, 0, 0, -1;
30525, 0, 0, -1;
30535, 0, 0, -1;
30545, 0, 0, -1;
30555, 0, 0, -1;
30565, 0, 0, -1;
30575, 0, 0, -1;
30585, 0, 0, -1;
30595, 0, 0, -1;
30605, 0, 0, -1;
30615, 0, 0, -1;
30625, 0, 0, -1;
30635, 0, 0, -1;
30645, 0, 0, -1;
30655, 0, 0, -1;
30665, 1.64121e-09, 0, 0;
30675, 1.64121e-09, 0, 0;
30685, 0, 0, -1;
30695, 0, 0, -1;
30705, 0, 0, -1;
30715, 0, 0, -1;
30725, 0, 0, -1;
30735, 0, 0, -1;
30745, 0, 0, -1;
30755, 0, 0, -1;
30765, 0, 0, -1;
30775, 0, 0, -1;
30785, 0, 0, -1;
30795, 0, 0, -1;
30805, 0, 0, -1;
30815, 0, 0, -1;
30825, 0, 0, -1;
30835, 1.64121e-09, 0, 0;
30845, 0, 0, -1;
30855, 0, 0, -1;
30865, 0, 0, -1;
30875, 0, 0, -1;
30885, 0, 0, -1;
30895, 0, 0, -1;
30905, 0, 0, -1;
30915, 0, 0, -1;
30925, 0, 0, -1;
30935, 0, 0, -1;
30945, 0, 0, -1;
30955, 0, 0, -1;
30965, 0, 0, -1;
30975, 1.64121e-09, 0, 0;
30985, 0, 0, -1;
30995, 0, 0, -1;
31005, 0, 0, -1;
31015, 0, 0, -1;
31025, 0, 0, -1;
31035, 0, 0, -1;
31045, 0, 0, -1;
31055, 0, 0, -1;
31065, 0, 0, -1;
31075, 0, 0, -1;
31085, 0, 0, -1;
31095, 0, 0, -1;
31105, 0, 0, -1;
31115, 0, 0, -1;
31125, 0, 0, -1;
31135, 0, 0, -1;
31145, 0, 0, -1;
31155, 0, 0, -1;
31165, 0, 0, -1;
31175, 0, 0, -1;
31185, 0, 0, -1;
31195, 0, 0, -1;
31205, 0, 0, -1;
31215, 0, 0, -1;
31225, 0, 0, -1;
31235, 0, 0, -1;
31245, 0, 0, -1;
31255, 0, 0, -1;
31265, 0, 0, -1;
31275, 0, 0, -1;
31285, 0, 0, -1;
31295, 0, 0, -1;
31305, 0, 0, -1;
31315, 0, 0, -1;
31325, 0, 0, -1;
31335, 0, 0, -1;
31345, 0, 0, -1;
31355, 0, 0, -1;
31365, 0, 0, -1;
31375, 0, 0, -1;
31385, 0, 0, -1;
31395, 0, 0, -1;
31405, 0, 0, -1;
31415, 0, 0, -1;
31425, 0, 0, -1;
31435, 0, 0, -1;
31445, 0, 0, -1;
31455, 0, 0, -1;
31465, 0, 0, -1;
31475, 0, 0, -1;
31485, 0, 0, -1;
31495, 1.64121e-09, 0, 0;
31505, 0, 0, -1;
31515, 0, 0, -1;
31525, 0, 0, -1;
31535, 0, 0, -1;
31545, 0, 0, -1;
31555, 0, 0, -1;
31565, 0, 0, -1;
31575, 0, 0, -1;
31585, 0, 0, -1;
31595, 0, 0, -1;
31605, 0, 0, -1;
31615, 0, 0, -1;
31625, 0, 0, -1;
31635, 0, 0, -1;
31645, 0, 0, -1;
31655, 0, 0, -1;
31665, 0, 0, -1;
31675, 0, 0, -1;
31685, 0, 0, -1;
31695, 0, 0, -1;
31705, 0, 0, -1;
31715, 0, 0, -1;
31725, 0, 0, -1;
31735, 0, 0, -1;
31745, 0, 0, -1;
31755, 0, 0, -1;
31765, 0, 0, -1;
31775, 0, 0, -1;
31785, 0, 0, -1;
31795, 0, 0, -1;
31805, 0, 0, -1;
31815, 0, 0, -1;
31825, 0, 0, -1;
31835, 0, 0, -1;
31845, 0, 0, -1;
31855, 0, 0, -1;
31865, 0, 0, -1;
31875, 0, 0, -1;
31885, 0, 0, -1;
31895, 0, 0, -1;
31905, 0, 0, -1;
31915, 0, 0, -1;
31925, 0, 0, -1;
31935, 0, 0, -1;
31945, 0, 0, -1;
31955, 0, 0, -1;
31965, 0, 0, -1;
31975, 0, 0, -1;
31985, 0, 0, -1;
31995, 0, 0, -1;
32005, 0, 0, -1;
32015, 0, 0, -1;
32025, 0, 0, -1;
32035, 0, 0, -1;
32045, 0, 0, -1;
32055, 0, 0, -1;
32065, 0, 0, -1;
32075, 0, 0, -1;
32085, 0, 0, -1;
32095, 0, 0, -1;
32105, 0, 0, -1;
32115, 0, 0, -1;
32125, 0, 0, -1;
32135, 0, 0, -1;
32145, 0, 0, -1;
32155, 0, 0, -1;
32165, 0, 0, -1;
32175, 0, 0, -1;
32185, 0, 0, -1;
32195, 0, 0, -1;
32205, 0, 0, -1;
32215, 0, 0, -1;
32225, 0, 0, -1;
32235, 0, 0, -1;
32245, 0, 0, -1;
32255, 0, 0, -1;
32265, 0, 0, -1;
32275, 0, 0, -1;
32285, 0, 0, -1;
32295, 0, 0, -1;
32305, 0, 0, -1;
32315, 0, 0, -1;
32325, 0, 0, -1;
32335, 0, 0, -1;
32345, 0, 0, -1;
32355, 0, 0, -1;
32365, 0, 0, -1;
32375, 0, 0, -1;
32385, 0, 0, -1;
32395, 0, 0, -1;
32405, 0, 0, -1;
32415, 0, 0, -1;
32425, 0, 0, -1;
32435, 0, 0, -1;
32445, 0, 0, -1;
32455, 0, 0, -1;
32465, 0, 0, -1;
32475, 0, 0, -1;
32485, 0, 0, -1;
32495, 0, 0, -1;
32505, 0, 0, -1;
32515, 0, 0, -1;
32525, 0, 0, -1;
32535, 0, 0, -1;
32545, 0, 0, -1;
32555, 0, 0, -1;
32565, 0, 0, -1;
32575, 0, 0, -1;
32585, 0, 0, -1;
32595, 0, 0, -1;
32605, 0, 0, -1;
32615, 0, 0, -1;
32625, 0, 0, -1;
32635, 0, 0, -1;
32645, 0, 0, -1;
32655, 0, 0, -1;
32665, 1.64121e-09, 0, 0;
32675, 0, 0, -1;
32685, 0, 0, -1;
32695, 0, 0, -1;
32705, 1.64121e-09, 0, 0;
32715, 0, 0, -1;
32725, 0, 0, -1;
32735, 0, 0, -1;
32745, 0, 0, -1;
32755, 0, 0, -1;
32765, 0, 0, -1;
32775, 0, 0, -1;
32785, 0, 0, -1;
32795, 0, 0, -1;
32805, 0, 0, -1;
32815, 0, 0, -1;
32825, 0, 0, -1;
32835, 0, 0, -1;
32845, 0, 0, -1;
32855, 0, 0, -1;
32865, 0, 0, -1;
32875, 0, 0, -1;
32885, 0, 0, -1;
32895, 0, 0, -1;
32905, 0, 0, -1;
32915, 0, 0, -1;
32925, 0, 0, -1;
32935, 0, 0, -1;
32945, 0, 0, -1;
32955, 0, 0, -1;
32965, 0, 0, -1;
32975, 0, 0, -1;
32985, 0, 0, -1;
32995, 0, 0, -1;
33005, 0, 0, -1;
33015, 0, 0, -1;
33025, 0, 0, -1;
33035, 0, 0, -1;
33045, 0, 0, -1;
33055, 0, 0, -1;
33065, 0, 0, -1;
33075, 0, 0, -1;
33085, 0, 0, -1;
33095, 0, 0, -1;
33105, 0, 0, -1;
33115, 0, 0, -1;
33125, 0, 0, -1;
33135, 0, 0, -1;
33145, 0, 0, -1;
33155, 0, 0, -1;
33165, 0, 0, -1;
33175, 0, 0, -1;
33185, 0, 0, -1;
33195, 0, 0, -1;
33205, 0, 0, -1;
33215, 0, 0, -1;
33225, 0, 0, -1;
33235, 0, 0, -1;
33245, 0, 0, -1;
33255, 0, 0, -1;
33265, 0, 0, -1;
33275, 0, 0, -1;
33285, 0, 0, -1;
33295, 0, 0, -1;
33305, 0, 0, -1;
33315, 0, 0, -1;
33325, 0, 0, -1;
33335, 0, 0, -1;
33345, 0, 0, -1;
33355, 0, 0, -1;
33365, 0, 0, -1;
33375, 0, 0, -1;
33385, 0, 0, -1;
33395, 0, 0, -1;
33405, 0, 0, -1;
33415, 0, 0, -1;
33425, 0, 0, -1;
33435, 0, 0, -1;
33445, 0, 0, -1;
33455, 0, 0, -1;
33465, 0, 0, -1;
33475, 0, 0, -1;
33485, 0, 0, -1;
33495, 0, 0, -1;
33505, 0, 0, -1;
33515, 0, 0, -1;
33525, 0, 0, -1;
33535, 0, 0, -1;
33545, 0, 0, -1;
33555, 0, 0, -1;
33565, 0, 0, -1;
33575, 0, 0, -1;
33585, 0, 0, -1;
33595, 0, 0, -1;
33605, 0, 0, -1;
33615, 0, 0, -1;
33625, 0, 0, -1;
33635, 0, 0, -1;
33645, 0, 0, -1;
33655, 0, 0, -1;
33665, 0, 0, -1;
33675, 0, 0, -1;
33685, 0, 0, -1;
33695, 0, 0, -1;
33705, 0, 0, -1;
33715, 0, 0, -1;
33725, 0, 0, -1;
33735, 0, 0, -1;
33745, 0, 0, -1;
33755, 0, 0, -1;
33765, 0, 0, -1;
33775, 0, 0, -1;
33785, 0, 0, -1;
33795, 0, 0, -1;
33805, 0, 0, -1;
33815, 0, 0, -1;
33825, 0, 0, -1;
33835, 0, 0, -1;
33845, 0, 0, -1;
33855, 0, 0, -1;
33865, 0, 0, -1;
33875, 0, 0, -1;
33885, 0, 0, -1;
33895, 0, 0, -1;
33905, 0, 0, -1;
33915, 0, 0, -1;
33925, 0, 0, -1;
33935, 0, 0, -1;
33945, 0, 0, -1;
33955, 0, 0, -1;
33965, 0, 0, -1;
33975, 0, 0, -1;
33985, 0, 0, -1;
33995, 0, 0, -1;
34005, 0, 0, -1;
34015, 0, 0, -1;
34025, 0, 0, -1;
34035, 0, 0, -1;
34045, 0, 0, -1;
34055, 0, 0, -1;
34065, 0, 0, -1;
34075, 0, 0, -1;
34085, 0, 0, -1;
34095, 0, 0, -1;
34105, 0, 0, -1;
34115, 0, 0, -1;
34125, 0, 0, -1;
34135, 0, 0, -1;
34145, 0, 0, -1;
34155, 0, 0, -1;
34165, 0, 0, -1;
34175, 0, 0, -1;
34185, 0, 0, -1;
34195, 0, 0, -1;
34205, 0, 0, -1;
34215, 0, 0, -1;
34225, 0, 0, -1;
34235, 0, 0, -1;
34245, 0, 0, -1;
34255, 0, 0, -1;
34265, 0, 0, -1;
34275, 0, 0, -1;
34285, 0, 0, -1;
34295, 0, 0, -1;
34305, 0, 0, -1;
34315, 0, 0, -1;
34325, 0, 0, -1;
34335, 0, 0, -1;
34345, 0, 0, -1;
34355, 0, 0, -1;
34365, 0, 0, -1;
34375, 0, 0, -1;
34385, 0, 0, -1;
34395, 0, 0, -1;
34405, 0, 0, -1;
34415, 0, 0, -1;
34425, 0, 0, -1;
34435, 0, 0, -1;
34445, 0, 0, -1;
34455, 0, 0, -1;
34465, 0, 0, -1;
34475, 0, 0, -1;
34485, 0, 0, -1;
34495, 0, 0, -1;
34505, 0, 0, -1;
34515, 0, 0, -1;
34525, 0, 0, -1;
34535, 0, 0, -1;
34545, 0, 0, -1;
34555, 0, 0, -1;
34565, 0, 0, -1;
34575, 0, 0, -1;
34585, 0, 0, -1;
34595, 0, 0, -1;
34605, 0, 0, -1;
34615, 0, 0, -1;
34625, 0, 0, -1;
34635, 0, 0, -1;
34645, 0, 0, -1;
34655, 0, 0, -1;
34665, 0, 0, -1;
34675, 0, 0, -1;
34685, 0, 0, -1;
34695, 0, 0, -1;
34705, 0, 0, -1;
34715, 0, 0, -1;
34725, 0, 0, -1;
34735, 0, 0, -1;
34745, 0, 0, -1;
34755, 0, 0, -1;
34765, 0, 0, -1;
34775, 0, 0, -1;
34785, 0, 0, -1;
34795, 0, 0, -1;
34805, 0, 0, -1;
34815, 0, 0, -1;
34825, 0, 0, -1;
34835, 0, 0, -1;
34845, 0, 0, -1;
34855, 0, 0, -1;
34865, 0, 0, -1;
34875, 0, 0, -1;
34885, 0, 0, -1;
34895, 0, 0, -1;
34905, 0, 0, -1;
34915, 0, 0, -1;
34925, 0, 0, -1;
34935, 0, 0, -1;
34945, 0, 0, -1;
34955, 0, 0, -1;
34965, 0, 0, -1;
34975, 0, 0, -1;
34985, 0, 0, -1;
34995, 0, 0, -1;
35005, 0, 0, -1;
35015, 0, 0, -1;
35025, 0, 0, -1;
35035, 0, 0, -1;
35045, 0, 0, -1;
35055, 0, 0, -1;
35065, 0, 0, -1;
35075, 0, 0, -1;
35085, 0, 0, -1;
35095, 0, 0, -1;
35105, 0, 0, -1;
35115, 0, 0, -1;
35125, 0, 0, -1;
35135, 0, 0, -1;
35145, 0, 0, -1;
35155, 0, 0, -1;
35165, 0, 0, -1;
35175, 0, 0, -1;
35185, 0, 0, -1;
35195, 0, 0, -1;
35205, 0, 0, -1;
35215, 0, 0, -1;
35225, 0, 0, -1;
35235, 0, 0, -1;
35245, 0, 0, -1;
35255, 0, 0, -1;
35265, 0, 0, -1;
35275, 0, 0, -1;
35285, 0, 0, -1;
35295, 0, 0, -1;
35305, 0, 0, -1;
35315, 0, 0, -1;
35325, 0, 0, -1;
35335, 0, 0, -1;
35345, 0, 0, -1;
35355, 0, 0, -1;
35365, 0, 0, -1;
35375, 0, 0, -1;
35385, 0, 0, -1;
35395, 0, 0, -1;
35405, 0, 0, -1;
35415, 0, 0, -1;
35425, 0, 0, -1;
35435, 0, 0, -1;
35445, 0, 0, -1;
35455, 0, 0, -1;
35465, 0, 0, -1;
35475, 0, 0, -1;
35485, 0, 0, -1;
35495, 0, 0, -1;
35505, 0, 0, -1;
35515, 0, 0, -1;
35525, 0, 0, -1;
35535, 0, 0, -1;
35545, 0, 0, -1;
35555, 0, 0, -1;
35565, 0, 0, -1;
35575, 0, 0, -1;
35585, 0, 0, -1;
35595, 0, 0, -1;
35605, 0, 0, -1;
35615, 0, 0, -1;
35625, 0, 0, -1;
35635, 0, 0, -1;
35645, 0, 0, -1;
35655, 0, 0, -1;
35665, 0, 0, -1;
35675, 0, 0, -1;
35685, 0, 0, -1;
35695, 0, 0, -1;
35705, 0, 0, -1;
35715, 0, 0, -1;
35725, 0, 0, -1;
35735, 0, 0, -1;
35745, 0, 0, -1;
35755, 0, 0, -1;
35765, 0, 0, -1;
35775, 0, 0, -1;
35785, 0, 0, -1;
35795, 0, 0, -1;
35805, 0, 0, -1;
35815, 0, 0, -1;
35825, 0, 0, -1;
35835, 0, 0, -1;
35845, 0, 0, -1;
35855, 0, 0, -1;
35865, 0, 0, -1;
35875, 0, 0, -1;
35885, 0, 0, -1;
35895, 0, 0, -1;
35905, 0, 0, -1;
35915, 0, 0, -1;
35925, 0, 0, -1;
35935, 0, 0, -1;
35945, 0, 0, -1;
35955, 0, 0, -1;
35965, 0, 0, -1;
35975, 0, 0, -1;
35985, 0, 0, -1;
35995, 0, 0, -1;
36005, 0, 0, -1;
36015, 0, 0, -1;
36025, 0, 0, -1;
36035, 0, 0, -1;
36045, 0, 0, -1;
36055, 0, 0, -1;
36065, 0, 0, -1;
36075, 0, 0, -1;
36085, 0, 0, -1;
36095, 0, 0, -1;
36105, 0, 0, -1;
36115, 0, 0, -1;
36125, 0, 0, -1;
36135, 0, 0, -1;
36145, 0, 0, -1;
36155, 0, 0, -1;
36165, 0, 0, -1;
36175, 0, 0, -1;
36185, 0, 0, -1;
36195, 0, 0, -1;
36205, 0, 0, -1;
36215, 0, 0, -1;
36225, 0, 0, -1;
36235, 0, 0, -1;
36245, 0, 0, -1;
36255, 0, 0, -1;
36265, 0, 0, -1;
36275, 0, 0, -1;
36285, 0, 0, -1;
36295, 0, 0, -1;
36305, 0, 0, -1;
36315, 0, 0, -1;
36325, 0, 0, -1;
36335, 0, 0, -1;
36345, 0, 0, -1;
36355, 0, 0, -1;
36365, 0, 0, -1;
36375, 0, 0, -1;
36385, 0, 0, -1;
36395, 0, 0, -1;
36405, 0, 0, -1;
36415, 0, 0, -1;
36425, 0, 0, -1;
36435, 0, 0, -1;
36445, 0, 0, -1;
36455, 0, 0, -1;
36465, 0, 0, -1;
36475, 0, 0, -1;
36485, 0, 0, -1;
36495, 0, 0, -1;
36505, 0, 0, -1;
36515, 0, 0, -1;
36525, 0, 0, -1;
36535, 0, 0, -1;
36545, 0, 0, -1;
36555, 0, 0, -1;
36565, 0, 0, -1;
36575, 0, 0, -1;
36585, 0, 0, -1;
36595, 0, 0, -1;
36605, 0, 0, -1;
36615, 0, 0, -1;
36625, 0, 0, -1;
36635, 0, 0, -1;
36645, 0, 0, -1;
36655, 0, 0, -1;
36665, 0, 0, -1;
36675, 0, 0, -1;
36685, 0, 0, -1;
36695, 0, 0, -1;
36705, 0, 0, -1;
36715, 0, 0, -1;
36725, 0, 0, -1;
36735, 0, 0, -1;
36745, 0, 0, -1;
36755, 0, 0, -1;
36765, 0, 0, -1;
36775, 0, 0, -1;
36785, 0, 0, -1;
36795, 0, 0, -1;
36805, 0, 0, -1;
36815, 0, 0, -1;
36825, 0, 0, -1;
36835, 0, 0, -1;
36845, 0, 0, -1;
36855, 0, 0, -1;
36865, 0, 0, -1;
36875, 0, 0, -1;
36885, 0, 0, -1;
36895, 0, 0, -1;
36905, 0, 0, -1;
36915, 0, 0, -1;
36925, 0, 0, -1;
36935, 0, 0, -1;
36945, 0, 0, -1;
36955, 0, 0, -1;
36965, 0, 0, -1;
36975, 0, 0, -1;
36985, 0, 0, -1;
36995, 0, 0, -1;
37005, 0, 0, -1;
37015, 0, 0, -1;
37025, 0, 0, -1;
37035, 0, 0, -1;
37045, 0, 0, -1;
37055, 0, 0, -1;
37065, 0, 0, -1;
37075, 0, 0, -1;
37085, 0, 0, -1;
37095, 0, 0, -1;
37105, 0, 0, -1;
37115, 0, 0, -1;
37125, 0, 0, -1;
37135, 0, 0, -1;
37145, 0, 0, -1;
37155, 0, 0, -1;
37165, 0, 0, -1;
37175, 0, 0, -1;
37185, 0, 0, -1;
37195, 0, 0, -1;
37205, 0, 0, -1;
37215, 0, 0, -1;
37225, 0, 0, -1;
37235, 0, 0, -1;
37245, 0, 0, -1;
37255, 0, 0, -1;
37265, 0, 0, -1;
37275, 0, 0, -1;
37285, 0, 0, -1;
37295, 0, 0, -1;
37305, 0, 0, -1;
37315, 0, 0, -1;
37325, 0, 0, -1;
37335, 0, 0, -1;
37345, 0, 0, -1;
37355, 0, 0, -1;
37365, 0, 0, -1;
37375, 0, 0, -1;
37385, 0, 0, -1;
37395, 0, 0, -1;
37405, 0, 0, -1;
37415, 0, 0, -1;
37425, 0, 0, -1;
37435, 0, 0, -1;
37445, 0, 0, -1;
37455, 0, 0, -1;
37465, 0, 0, -1;
37475, 0, 0, -1;
37485, 0, 0, -1;
37495, 0, 0, -1;
37505, 0, 0, -1;
37515, 0, 0, -1;
37525, 0, 0, -1;
37535, 0, 0, -1;
37545, 0, 0, -1;
37555, 0, 0, -1;
37565, 0, 0, -1;
37575, 0, 0, -1;
37585, 0, 0, -1;
37595, 0, 0, -1;
37605, 0, 0, -1;
37615, 0, 0, -1;
37625, 0, 0, -1;
37635, 0, 0, -1;
37645, 0, 0, -1;
37655, 0, 0, -1;
37665, 0, 0, -1;
37675, 0, 0, -1;
37685, 0, 0, -1;
37695, 0, 0, -1;
37705, 0, 0, -1;
37715, 0, 0, -1;
37725, 0, 0, -1;
37735, 0, 0, -1;
37745, 0, 0, -1;
37755, 0, 0, -1;
37765, 0, 0, -1;
37775, 0, 0, -1;
37785, 0, 0, -1;
37795, 0, 0, -1;
37805, 0, 0, -1;
37815, 0, 0, -1;
37825, 0, 0, -1;
37835, 0, 0, -1;
37845, 0, 0, -1;
37855, 0, 0, -1;
37865, 0, 0, -1;
37875, 0, 0, -1;
37885, 0, 0, -1;
37895, 0, 0, -1;
37905, 0, 0, -1;
37915, 0, 0, -1;
37925, 0, 0, -1;
37935, 0, 0, -1;
37945, 0, 0, -1;
37955, 0, 0, -1;
37965, 0, 0, -1;
37975, 0, 0, -1;
37985, 0, 0, -1;
37995, 0, 0, -1;
38005, 0, 0, -1;
38015, 0, 0, -1;
38025, 0, 0, -1;
38035, 0, 0, -1;
38045, 0, 0, -1;
38055, 0, 0, -1;
38065, 0, 0, -1;
38075, 0, 0, -1;
38085, 0, 0, -1;
38095, 0, 0, -1;
38105, 0, 0, -1;
38115, 0, 0, -1;
38125, 0, 0, -1;
38135, 0, 0, -1;
38145, 0, 0, -1;
38155, 0, 0, -1;
38165, 0, 0, -1;
38175, 0, 0, -1;
38185, 0, 0, -1;
38195, 0, 0, -1;
38205, 0, 0, -1;
38215, 0, 0, -1;
38225, 0, 0, -1;
38235, 0, 0, -1;
38245, 0, 0, -1;
38255, 0, 0, -1;
38265, 0, 0, -1;
38275, 0, 0, -1;
38285, 0, 0, -1;
38295, 0, 0, -1;
38305, 0, 0, -1;
38315, 0, 0, -1;
38325, 0, 0, -1;
38335, 0, 0, -1;
38345, 0, 0, -1;
38355, 0, 0, -1;
38365, 0, 0, -1;
38375, 0, 0, -1;
38385, 0, 0, -1;
38395, 0, 0, -1;
38405, 0, 0, -1;
38415, 0, 0, -1;
38425, 0, 0, -1;
38435, 0, 0, -1;
38445, 0, 0, -1;
38455, 0, 0, -1;
38465, 0, 0, -1;
38475, 0, 0, -1;
38485, 0, 0, -1;
38495, 0, 0, -1;
38505, 0, 0, -1;
38515, 0, 0, -1;
38525, 0, 0, -1;
38535, 0, 0, -1;
38545, 0, 0, -1;
38555, 0, 0, -1;
38565, 0, 0, -1;
38575, 0, 0, -1;
38585, 0, 0, -1;
38595, 0, 0, -1;
38605, 0, 0, -1;
38615, 0, 0, -1;
38625, 0, 0, -1;
38635, 0, 0, -1;
38645, 0, 0, -1;
38655, 0, 0, -1;
38665, 0, 0, -1;
38675, 0, 0, -1;
38685, 0, 0, -1;
38695, 0, 0, -1;
38705, 0, 0, -1;
38715, 0, 0, -1;
38725, 0, 0, -1;
38735, 0, 0, -1;
38745, 0, 0, -1;
38755, 0, 0, -1;
38765, 0, 0, -1;
38775, 0, 0, -1;
38785, 0, 0, -1;
38795, 0, 0, -1;
38805, 0, 0, -1;
38815, 0, 0, -1;
38825, 0, 0, -1;
38835, 0, 0, -1;
38845, 0, 0, -1;
38855, 0, 0, -1;
38865, 0, 0, -1;
38875, 0, 0, -1;
38885, 0, 0, -1;
38895, 0, 0, -1;
38905, 0, 0, -1;
38915, 0, 0, -1;
38925, 0, 0, -1;
38935, 0, 0, -1;
38945, 0, 0, -1;
38955, 0, 0, -1;
38965, 0, 0, -1;
38975, 0, 0, -1;
38985, 0, 0, -1;
38995, 0, 0, -1;
39005, 0, 0, -1;
39015, 0, 0, -1;
39025, 0, 0, -1;
39035, 0, 0, -1;
39045, 0, 0, -1;
39055, 0, 0, -1;
39065, 0, 0, -1;
39075, 0, 0, -1;
39085, 0, 0, -1;
39095, 0, 0, -1;
39105, 0, 0, -1;
39115, 0, 0, -1;
39125, 0, 0, -1;
39135, 0, 0, -1;
39145, 0, 0, -1;
39155, 0, 0, -1;
39165, 0, 0, -1;
39175, 0, 0, -1;
39185, 0, 0, -1;
39195, 0, 0, -1;
39205, 0, 0, -1;
39215, 0, 0, -1;
39225, 0, 0, -1;
39235, 0, 0, -1;
39245, 0, 0, -1;
39255, 0, 0, -1;
39265, 0, 0, -1;
39275, 0, 0, -1;
39285, 0, 0, -1;
39295, 0, 0, -1;
39305, 0, 0, -1;
39315, 0, 0, -1;
39325, 0, 0, -1;
39335, 0, 0, -1;
39345, 0, 0, -1;
39355, 0, 0, -1;
39365, 0, 0, -1;
39375, 0, 0, -1;
39385, 0, 0, -1;
39395, 0, 0, -1;
39405, 0, 0, -1;
39415, 0, 0, -1;
39425, 0, 0, -1;
39435, 0, 0, -1;
39445, 0, 0, -1;
39455, 0, 0, -1;
39465, 0, 0, -1;
39475, 0, 0, -1;
39485, 0, 0, -1;
39495, 0, 0, -1;
39505, 0, 0, -1;
39515, 0, 0, -1;
39525, 0, 0, -1;
39535, 0, 0, -1;
39545, 0, 0, -1;
39555, 0, 0, -1;
39565, 0, 0, -1;
39575, 0, 0, -1;
39585, 0, 0, -1;
39595, 0, 0, -1;
39605, 0, 0, -1;
39615, 0, 0, -1;
39625, 0, 0, -1;
39635, 0, 0, -1;
39645, 0, 0, -1;
39655, 0, 0, -1;
39665, 0, 0, -1;
39675, 0, 0, -1;
39685, 0, 0, -1;
39695, 0, 0, -1;
39705, 0, 0, -1;
39715, 0, 0, -1;
39725, 0, 0, -1;
39735, 0, 0, -1;
39745, 0, 0, -1;
39755, 0, 0, -1;
39765, 0, 0, -1;
39775, 0, 0, -1;
39785, 0, 0, -1;
39795, 0, 0, -1;
39805, 0, 0, -1;
39815, 0, 0, -1;
39825, 0, 0, -1;
39835, 0, 0, -1;
39845, 0, 0, -1;
39855, 0, 0, -1;
39865, 0, 0, -1;
39875, 0, 0, -1;
39885, 0, 0, -1;
39895, 0, 0, -1;
39905, 0, 0, -1;
39915, 0, 0, -1;
39925, 0, 0, -1;
39935, 0, 0, -1;
39945, 0, 0, -1;
39955, 0, 0, -1;
39965, 0, 0, -1;
39975, 0, 0, -1;
39985, 0, 0, -1;
39995, 0, 0, -1;
