// Wino with mass 3 TeV 
// leading jet pt, n_BG, n_sig, significance 
5, 0, 0, -1;
15, 9.01129e+07, 1.17203, 0.000123466;
25, 0, 2.53353, -1;
35, 5.76629e+07, 4.82608, 0.000635545;
45, 1.5633e+08, 4.46966, 0.000357481;
55, 1.18451e+08, 3.76659, 0.000346083;
65, 4.81116e+07, 3.20429, 0.000461962;
75, 2.25557e+07, 3.07984, 0.000648485;
85, 1.34823e+07, 1.65409, 0.000450484;
95, 9.7757e+06, 2.02811, 0.00064866;
105, 7.71969e+06, 2.15824, 0.000776782;
115, 6.41023e+06, 4.21164, 0.00166347;
125, 5.31196e+06, 3.52861, 0.001531;
135, 4.34759e+06, 3.36097, 0.00161191;
145, 3.605e+06, 4.06861, 0.00214286;
155, 3.12005e+06, 3.57871, 0.00202603;
165, 2.76741e+06, 2.19216, 0.00131776;
175, 2.36909e+06, 2.68132, 0.00174204;
185, 2.02301e+06, 3.36007, 0.00236237;
195, 1.6838e+06, 1.55231, 0.00119628;
205, 1.43604e+06, 2.61046, 0.00217838;
215, 1.20269e+06, 2.0324, 0.00185324;
225, 1.0261e+06, 3.22339, 0.00318213;
235, 882945, 2.29407, 0.00244141;
245, 764220, 1.04601, 0.00119653;
255, 666609, 7.69768, 0.0094281;
265, 578657, 0.468781, 0.000616254;
275, 510331, 1.75232, 0.00245294;
285, 443745, 1.33372, 0.00200216;
295, 389478, 5.5877, 0.00895348;
305, 345659, 0.996878, 0.00169558;
315, 305703, 1.92823, 0.00348746;
325, 269550, 2.2633, 0.00435935;
335, 245584, 2.14323, 0.00432484;
345, 220103, 0.981868, 0.00209286;
355, 200132, 1.22035, 0.00272788;
365, 179191, 5.34686, 0.0126311;
375, 159007, 2.06247, 0.00517225;
385, 147752, 0.390526, 0.00101597;
395, 133454, 1.73602, 0.00475214;
405, 122559, 1.44766, 0.00413518;
415, 115156, 4.0969, 0.0120729;
425, 105948, 2.35069, 0.00722184;
435, 97620.9, 0.22398, 0.000716865;
445, 89619.4, 4.38583, 0.0146504;
455, 82447.6, 2.28339, 0.00795228;
465, 76174.3, 3.44772, 0.0124919;
475, 71138.2, 2.95813, 0.0110909;
485, 66836.3, 1.66382, 0.00643578;
495, 60356.7, 0.404142, 0.00164502;
505, 56681.3, 1.51342, 0.00635681;
515, 52960.1, 3.51271, 0.015264;
525, 50602, 5.96204, 0.026504;
535, 46609.1, 3.42082, 0.0158451;
545, 42383.5, 1.45697, 0.00707707;
555, 40476.6, 2.87269, 0.0142786;
565, 37022.8, 0.802058, 0.00416842;
575, 35890.6, 2.13653, 0.0112776;
585, 33017.7, 3.0939, 0.0170268;
595, 31097.9, 8.12458, 0.0460718;
605, 29146.6, 3.22064, 0.0188646;
615, 27212.4, 1.47939, 0.0089681;
625, 25612.3, 3.929, 0.0245504;
635, 23677.4, 1.10367, 0.00717255;
645, 22938.5, 2.81497, 0.0185862;
655, 21041.6, 3.51941, 0.0242622;
665, 19767.3, 1.49998, 0.0106687;
675, 18842.4, 3.55047, 0.0258654;
685, 17489.3, 0.652584, 0.00493458;
695, 16511.7, 0.481605, 0.00374797;
705, 15643.1, 0.564493, 0.00451333;
715, 15070.7, 3.13984, 0.0255765;
725, 14112.9, 3.35541, 0.0282447;
735, 13386, 5.288, 0.0457052;
745, 12477.4, 0.252281, 0.00225851;
755, 12233.9, 1.88159, 0.0170116;
765, 11087.3, 2.91238, 0.0276589;
775, 10874, 2.53495, 0.0243095;
785, 10368.9, 4.50561, 0.0442473;
795, 10059.6, 2.06872, 0.0206258;
805, 9454.06, 1.12813, 0.0116024;
815, 8819.36, 1.31064, 0.0139562;
825, 8382.73, 4.50504, 0.0492047;
835, 7967.13, 0.467514, 0.00523774;
845, 7952.69, 3.0286, 0.0339614;
855, 7329.29, 0.170742, 0.00199438;
865, 7189.94, 0.764419, 0.00901507;
875, 6610.33, 1.24016, 0.0152534;
885, 6293.55, 3.82933, 0.0482698;
895, 6212.75, 2.11967, 0.0268922;
905, 5957.8, 0.0666339, 0.000863282;
915, 5560.39, 5.45125, 0.0731044;
925, 5498.07, 6.28891, 0.0848145;
935, 5153.13, 1.36588, 0.0190273;
945, 4806.72, 0.1401, 0.00202076;
955, 4758.6, 3.97177, 0.0575763;
965, 4471.33, 3.45189, 0.0516225;
975, 4391.65, 1.74737, 0.0263677;
985, 4195.18, 0.461659, 0.00712765;
995, 4665.38, 0.581092, 0.00850749;
1005, 3737.53, 3.61892, 0.0591952;
1015, 3616.19, 0.829177, 0.0137886;
1025, 3645.11, 0.456445, 0.0075602;
1035, 3675.02, 0.213011, 0.00351376;
1045, 3146.34, 0.491942, 0.00877024;
1055, 3081.93, 1.56616, 0.0282114;
1065, 2976.79, 3.31989, 0.0608485;
1075, 2940.61, 0.289893, 0.00534587;
1085, 2782.47, 1.34738, 0.0255431;
1095, 2647.11, 0.234808, 0.00456381;
1105, 2521.77, 0.470149, 0.00936231;
1115, 2498.76, 0.354209, 0.00708594;
1125, 2313.92, 1.3378, 0.027811;
1135, 2271.54, 2.1472, 0.0450519;
1145, 2152.59, 0.638996, 0.0137726;
1155, 2128.82, 1.45787, 0.0315972;
1165, 1998.19, 1.00708, 0.0225292;
1175, 1940.56, 0.351398, 0.00797694;
1185, 1889.45, 0.19609, 0.00451116;
1195, 1929.83, 0.228203, 0.00519472;
1205, 1755.48, 0.145629, 0.00347577;
1215, 1769.03, 0.286452, 0.00681059;
1225, 1724.75, 1.44107, 0.0346994;
1235, 1592.28, 2.57574, 0.0645493;
1245, 1492.79, 1.22957, 0.031824;
1255, 1428.16, 0.0394422, 0.00104369;
1265, 1412.75, 0.912568, 0.0242791;
1275, 1328.1, 0.416364, 0.011425;
1285, 1305.7, 0.0315613, 0.00087344;
1295, 1279.1, 0.0872551, 0.00243971;
1305, 1229.69, 0.00890477, 0.000253936;
1315, 1179.88, 1.5603, 0.0454242;
1325, 1142.91, 5.0177, 0.148422;
1335, 1092.45, 3.38983, 0.10256;
1345, 1084.82, 1.34994, 0.0409861;
1355, 1021.23, 2.85158, 0.0892325;
1365, 1023.37, 0.471274, 0.0147318;
1375, 983.897, 0.0495616, 0.00158005;
1385, 977.299, 0.00348194, 0.00011138;
1395, 908.93, 0.681647, 0.0226097;
1405, 980.69, 4.30176, 0.137366;
1415, 833.893, 2.84697e-08, 9.85887e-10;
1425, 824.482, 0.725421, 0.0252638;
1435, 810.554, 0.424684, 0.0149168;
1445, 743.536, 0.837277, 0.0307057;
1455, 752.099, 0.111259, 0.00405695;
1465, 726.523, 0.198777, 0.00737465;
1475, 698.541, 2.49264, 0.0943111;
1485, 677.798, 0.662453, 0.0254452;
1495, 641.51, 0.337639, 0.0133306;
1505, 638.344, 0.789254, 0.0312385;
1515, 656.251, 0.112487, 0.00439103;
1525, 598.861, 0.0740004, 0.00302393;
1535, 589.955, 0.54332, 0.022369;
1545, 580.959, 1.50654, 0.0625041;
1555, 534.548, 0.015389, 0.000665604;
1565, 528.904, 0.0273413, 0.00118886;
1575, 522.512, 0.203097, 0.00888496;
1585, 508.721, 3.06395, 0.135845;
1595, 483.591, 2.49293, 0.113363;
1605, 483.964, 0.903305, 0.0410609;
1615, 456.436, 3.72642, 0.174422;
1625, 448.891, 0.0941764, 0.004445;
1635, 427.721, 0.88613, 0.0428467;
1645, 429.411, 1.45661, 0.0702924;
1655, 402.177, 0.355213, 0.0177125;
1665, 393.639, 2.27469, 0.11465;
1675, 372.034, 0.2764, 0.01433;
1685, 384.606, 0.240185, 0.0122473;
1695, 372.462, 0.0267893, 0.0013881;
1705, 354.667, 0.230347, 0.0122313;
1715, 341.98, 0.0949481, 0.00513435;
1725, 338.058, 0, 0;
1735, 326.225, 0.748253, 0.0414276;
1745, 343.881, 0.278721, 0.0150302;
1755, 323.524, 0.00225806, 0.00012554;
1765, 308.849, 1.7953, 0.102156;
1775, 313.995, 0.0194527, 0.00109779;
1785, 285.781, 11.0936, 0.656228;
1795, 271.524, 0.595484, 0.0361381;
1805, 287.237, 2.58017, 0.15224;
1815, 264.656, 4.34422, 0.267037;
1825, 258.023, 0, 0;
1835, 250.533, 0.149516, 0.00944613;
1845, 257.905, 0.134204, 0.0083567;
1855, 242.746, 0.0435675, 0.00279632;
1865, 228.745, 0.160797, 0.0106317;
1875, 228.175, 0.309638, 0.0204984;
1885, 234.519, 0.0907496, 0.00592592;
1895, 218.611, 0, 0;
1905, 219.001, 1.86231, 0.125843;
1915, 208.418, 0.425195, 0.0294524;
1925, 193.981, 0.221606, 0.0159111;
1935, 200.875, 0.00160473, 0.000113224;
1945, 195.209, 0.358534, 0.0256614;
1955, 188.578, 1.76902, 0.128821;
1965, 183.106, 0.309709, 0.0228877;
1975, 192.964, 0.00672712, 0.000484274;
1985, 171.46, 0.0127172, 0.000971207;
1995, 181.769, 0.682295, 0.0506073;
2005, 165.521, 0.3154, 0.0245152;
2015, 160.982, 0.186967, 0.0147359;
2025, 159.267, 0.10004, 0.00792702;
2035, 151.177, 0.120253, 0.00978034;
2045, 152.034, 0, 0;
2055, 147.075, 1.88832, 0.155707;
2065, 139.605, 0.024277, 0.00205468;
2075, 146.236, 0.0394486, 0.00326216;
2085, 139.464, 0.035987, 0.00304729;
2095, 136.503, 0.943066, 0.080718;
2105, 131.644, 0.360984, 0.0314621;
2115, 133.649, 0.0591868, 0.00511967;
2125, 127.268, 0.574067, 0.0508866;
2135, 126.476, 3.38553, 0.301038;
2145, 124.936, 0.0342994, 0.00306861;
2155, 115.356, 0.207139, 0.0192859;
2165, 110.599, 0.293962, 0.0279522;
2175, 119.707, 0.0767477, 0.00701463;
2185, 109.688, 1.04773, 0.100039;
2195, 107.339, 0, 0;
2205, 104.097, 0.254832, 0.0249767;
2215, 108.678, 0.0395193, 0.00379087;
2225, 98.0873, 0.574034, 0.0579604;
2235, 107.612, 1.42652, 0.137514;
2245, 95.4688, 0.0756452, 0.00774196;
2255, 100.126, 0, 0;
2265, 89.2367, 0.939631, 0.0994685;
2275, 94.3588, 1.35782, 0.139782;
2285, 89.9251, 0.132993, 0.0140245;
2295, 85.3837, 0.431122, 0.0466565;
2305, 79.1865, 0.604778, 0.0679627;
2315, 79.5025, 0.621206, 0.06967;
2325, 83.7787, 0.00389267, 0.000425285;
2335, 79.9038, 0.013809, 0.00154482;
2345, 86.7065, 0.383404, 0.0411747;
2355, 76.8551, 0, 0;
2365, 74.1215, 0.182046, 0.0211451;
2375, 74.2716, 0.179599, 0.0208397;
2385, 71.4799, 0.334738, 0.0395925;
2395, 74.2379, 0.075829, 0.00880081;
2405, 69.4777, 0.292604, 0.0351041;
2415, 69.267, 0.123808, 0.014876;
2425, 66.4017, 0.0265233, 0.0032549;
2435, 65.07, 0.342609, 0.0424726;
2445, 58.3969, 0.916685, 0.119957;
2455, 174.001, 1.38993, 0.10537;
2465, 60.7102, 1.6247, 0.208518;
2475, 63.1379, 0.0058516, 0.000736427;
2485, 59.761, 0.012177, 0.00157519;
2495, 60.463, 0.051505, 0.00662376;
2505, 57.5142, 0.0774597, 0.0102138;
2515, 58.4252, 0.0607811, 0.00795186;
2525, 55.7641, 0.0232579, 0.00311454;
2535, 55.2973, 0.13901, 0.0186936;
2545, 49.1377, 0.515438, 0.0735308;
2555, 51.5241, 0.0342547, 0.00477216;
2565, 54.4821, 0.0492456, 0.00667176;
2575, 48.406, 0, 0;
2585, 48.6787, 0.0261771, 0.00375191;
2595, 49.4533, 0.0538694, 0.00766028;
2605, 46.9765, 2.23859, 0.326614;
2615, 46.6423, 0.116176, 0.0170108;
2625, 46.9858, 0, 0;
2635, 43.7876, 0.0919244, 0.0138917;
2645, 44.1907, 0, 0;
2655, 42.1763, 0.0506039, 0.00779202;
2665, 42.6205, 0, 0;
2675, 41.8204, 0.0694256, 0.0107356;
2685, 38.1114, 0.000744233, 0.000120554;
2695, 39.9956, 0.0222683, 0.00352113;
2705, 37.3799, 0, 0;
2715, 39.001, 0.0960467, 0.0153796;
2725, 36.9994, 0, 0;
2735, 37.5555, 2.27284e-06, 3.70879e-07;
2745, 41.888, 0.0106927, 0.00165212;
2755, 37.1563, 0.286634, 0.0470232;
2765, 36.5753, 0.258218, 0.0426965;
2775, 35.276, 1.90212, 0.320257;
2785, 33.6209, 0.349347, 0.0602494;
2795, 33.7392, 0.0630522, 0.0108551;
2805, 31.8031, 0.180487, 0.0320045;
2815, 32.5994, 0.111819, 0.0195845;
2825, 30.9891, 2.10387, 0.377933;
2835, 32.2109, 0.0507372, 0.00893976;
2845, 31.7042, 0.177353, 0.0314978;
2855, 30.6122, 0.30224, 0.0546267;
2865, 29.6934, 0.225238, 0.0413345;
2875, 28.234, 0.0770363, 0.014498;
2885, 28.7275, 0, 0;
2895, 27.817, 0, 0;
2905, 28.4504, 0, 0;
2915, 26.8053, 0, 0;
2925, 25.4376, 0, 0;
2935, 27.1143, 0.941851, 0.180877;
2945, 28.5737, 0.0316307, 0.00591733;
2955, 24.8121, 0.00180962, 0.000363293;
2965, 25.2452, 0, 0;
2975, 24.6735, 3.09734, 0.623553;
2985, 24.6803, 0, 0;
2995, 24.1601, 0.18801, 0.0382501;
3005, 24.3398, 0, 0;
3015, 23.4063, 0, 0;
3025, 22.4172, 0, 0;
3035, 21.8203, 0.0359075, 0.00768697;
3045, 22.8549, 0.228341, 0.0477631;
3055, 21.6258, 0, 0;
3065, 21.128, 0, 0;
3075, 20.8979, 0, 0;
3085, 21.9937, 0.450582, 0.0960781;
3095, 20.5733, 0, 0;
3105, 20.5073, 0, 0;
3115, 19.871, 0.359415, 0.080628;
3125, 19.763, 0.509209, 0.114543;
3135, 18.2277, 0.00407028, 0.000953364;
3145, 18.3145, 0.0157598, 0.0036826;
3155, 17.8534, 0.021201, 0.00501759;
3165, 16.2838, 0, 0;
3175, 16.879, 0.169863, 0.0413453;
3185, 16.6919, 0.0258665, 0.00633118;
3195, 17.2091, 0.155992, 0.037603;
3205, 17.3024, 1.32808, 0.319279;
3215, 15.2301, 0.0300889, 0.00771001;
3225, 16.2768, 0.0207341, 0.00513928;
3235, 15.9292, 0.0819607, 0.0205357;
3245, 15.5346, 0, 0;
3255, 14.847, 2.55938, 0.664227;
3265, 18.2251, 0.040852, 0.00956926;
3275, 15.6787, 0, 0;
3285, 15.2925, 0, 0;
3295, 14.4354, 1.86224, 0.490142;
3305, 14.7772, 0.0297259, 0.00773282;
3315, 14.0459, 0, 0;
3325, 14.1512, 0.282243, 0.0750287;
3335, 13.5063, 0, 0;
3345, 13.0481, 0, 0;
3355, 12.5005, 0.37863, 0.10709;
3365, 12.6802, 0, 0;
3375, 12.1456, 3.1028e-05, 8.90318e-06;
3385, 12.6613, 0.486055, 0.136599;
3395, 12.7706, 0, 0;
3405, 12.3349, 0, 0;
3415, 12.7619, 0.100178, 0.0280424;
3425, 12.4608, 0, 0;
3435, 11.6737, 0, 0;
3445, 11.3952, 0, 0;
3455, 11.1877, 0, 0;
3465, 11.1589, 0, 0;
3475, 10.6058, 0, 0;
3485, 10.1087, 0, 0;
3495, 10.3614, 0, 0;
3505, 10.8395, 0, 0;
3515, 10.4716, 1.62219, 0.501296;
3525, 13.4804, 0, 0;
3535, 9.42483, 0.499219, 0.162613;
3545, 9.68376, 0.0330593, 0.0106236;
3555, 9.68872, 0, 0;
3565, 9.55288, 0.840866, 0.272057;
3575, 10.2204, 0, 0;
3585, 9.09055, 0, 0;
3595, 8.91162, 0, 0;
3605, 9.35379, 0.0148641, 0.00486008;
3615, 9.53602, 0, 0;
3625, 8.30912, 3.58238, 1.24278;
3635, 8.74921, 0.689388, 0.233066;
3645, 8.76536, 0.253612, 0.0856614;
3655, 8.18011, 0, 0;
3665, 8.18515, 1.67865, 0.586742;
3675, 8.45599, 0, 0;
3685, 8.05256, 0, 0;
3695, 7.66866, 0, 0;
3705, 8.22825, 0.423173, 0.147524;
3715, 7.0061, 0, 0;
3725, 7.40684, 0.00536931, 0.00197289;
3735, 7.56074, 0.509097, 0.185148;
3745, 6.91816, 0.687101, 0.261231;
3755, 7.58487, 0, 0;
3765, 7.86674, 0.0471899, 0.0168249;
3775, 7.20518, 0, 0;
3785, 6.9771, 0, 0;
3795, 7.24873, 0, 0;
3805, 6.65179, 0, 0;
3815, 6.63094, 0, 0;
3825, 7.01747, 0, 0;
3835, 5.91508, 0, 0;
3845, 5.93257, 0, 0;
3855, 5.93128, 0.0333689, 0.0137015;
3865, 6.06866, 2.53397, 1.02862;
3875, 6.20746, 0, 0;
3885, 6.40999, 0, 0;
3895, 6.39093, 0, 0;
3905, 6.02122, 0, 0;
3915, 5.56531, 0, 0;
3925, 6.02343, 0, 0;
3935, 5.94229, 0, 0;
3945, 5.64483, 0, 0;
3955, 5.4499, 0, 0;
3965, 5.63341, 0.88154, 0.371412;
3975, 4.99886, 0, 0;
3985, 4.898, 0, 0;
3995, 5.09247, 0.232054, 0.102831;
4005, 5.61519, 0, 0;
4015, 5.5459, 0, 0;
4025, 4.85488, 4.4616, 2.02489;
4035, 4.98189, 0, 0;
4045, 4.89431, 2.44746, 1.10629;
4055, 4.57898, 0.157854, 0.0737687;
4065, 4.33521, 0.194621, 0.0934726;
4075, 5.04152, 0, 0;
4085, 4.62272, 0, 0;
4095, 4.32236, 0, 0;
4105, 4.33862, 0, 0;
4115, 4.63852, 0, 0;
4125, 4.33103, 0, 0;
4135, 3.88304, 0, 0;
4145, 4.39155, 0.0100101, 0.00477674;
4155, 4.06995, 0, 0;
4165, 4.30547, 0.0354716, 0.0170951;
4175, 4.28591, 0, 0;
4185, 3.62891, 0, 0;
4195, 4.02097, 0, 0;
4205, 4.03727, 0, 0;
4215, 4.03345, 0, 0;
4225, 3.57137, 0, 0;
4235, 3.57042, 0, 0;
4245, 3.38491, 0, 0;
4255, 3.86937, 0, 0;
4265, 3.40346, 0, 0;
4275, 3.06295, 0, 0;
4285, 3.40494, 0, 0;
4295, 3.42699, 0.025632, 0.013846;
4305, 3.31929, 0, 0;
4315, 3.24336, 0, 0;
4325, 3.60672, 0.0174908, 0.00920987;
4335, 3.07956, 0, 0;
4345, 2.84489, 0.507512, 0.300894;
4355, 3.32217, 0, 0;
4365, 3.38499, 0, 0;
4375, 3.0133, 0, 0;
4385, 2.7439, 0, 0;
4395, 2.8731, 0, 0;
4405, 2.91234, 0, 0;
4415, 3.38671, 0, 0;
4425, 3.2978, 0, 0;
4435, 2.9875, 0, 0;
4445, 2.67138, 0, 0;
4455, 2.51457, 0, 0;
4465, 2.66487, 0, 0;
4475, 3.12508, 0.0896953, 0.0507386;
4485, 2.47602, 0, 0;
4495, 3.14073, 0, 0;
4505, 2.57193, 0, 0;
4515, 2.93407, 0.0939928, 0.0548731;
4525, 2.73419, 0, 0;
4535, 2.39184, 0.101851, 0.0658564;
4545, 2.32977, 0.00528989, 0.00346569;
4555, 2.52293, 0, 0;
4565, 2.8108, 0, 0;
4575, 2.33853, 0, 0;
4585, 2.34788, 0, 0;
4595, 2.15532, 0.0616855, 0.0420172;
4605, 2.41889, 0, 0;
4615, 2.0027, 0.000233247, 0.000164819;
4625, 2.06436, 0.0150338, 0.0104634;
4635, 2.30148, 0, 0;
4645, 2.20593, 0, 0;
4655, 2.04841, 0, 0;
4665, 1.99373, 3.84828, 2.72542;
4675, 2.03511, 0, 0;
4685, 2.3939, 0.262745, 0.169817;
4695, 1.87655, 0, 0;
4705, 1.94261, 0, 0;
4715, 2.00052, 0, 0;
4725, 1.86335, 0, 0;
4735, 2.16515, 0.000853594, 0.000580107;
4745, 1.91882, 0.0688716, 0.0497191;
4755, 1.9151, 0, 0;
4765, 1.83065, 0, 0;
4775, 1.74849, 0, 0;
4785, 1.71562, 0, 0;
4795, 2.13029, 0, 0;
4805, 1.60076, 0.000175589, 0.000138783;
4815, 1.72837, 0.267048, 0.203129;
4825, 1.67971, 0, 0;
4835, 1.64662, 2.47493, 1.92871;
4845, 1.64864, 0, 0;
4855, 1.97541, 0, 0;
4865, 1.69111, 0, 0;
4875, 1.86294, 0.003888, 0.00284857;
4885, 1.70221, 0.191004, 0.146398;
4895, 1.53163, 0.134904, 0.109005;
4905, 1.60637, 0.00772177, 0.00609249;
4915, 1.51992, 0, 0;
4925, 1.60251, 0, 0;
4935, 1.65341, 0, 0;
4945, 1.57112, 0, 0;
4955, 1.49092, 0, 0;
4965, 1.47393, 0, 0;
4975, 1.42498, 0, 0;
4985, 1.4988, 0, 0;
4995, 1.51779, 0, 0;
5005, 1.55137, 0, 0;
5015, 1.69856, 0, 0;
5025, 1.42418, 0.305479, 0.255976;
5035, 1.35676, 0.110662, 0.0950048;
5045, 1.29548, 0, 0;
5055, 1.36484, 0, 0;
5065, 1.33908, 0, 0;
5075, 1.29815, 0, 0;
5085, 1.32885, 0, 0;
5095, 1.29674, 0, 0;
5105, 1.18968, 0.411171, 0.37697;
5115, 1.20177, 0, 0;
5125, 1.21648, 0, 0;
5135, 1.21464, 0, 0;
5145, 1.27642, 0, 0;
5155, 1.20363, 0, 0;
5165, 1.14092, 0, 0;
5175, 1.1607, 0, 0;
5185, 1.03447, 0, 0;
5195, 1.05418, 0, 0;
5205, 1.2934, 0, 0;
5215, 1.01876, 0.2832, 0.28058;
5225, 1.09239, 0, 0;
5235, 1.12952, 0, 0;
5245, 1.10019, 0, 0;
5255, 1.04767, 0, 0;
5265, 1.02541, 0, 0;
5275, 1.07384, 0, 0;
5285, 1.09807, 0.00258591, 0.00246773;
5295, 1.02323, 0, 0;
5305, 1.05709, 0, 0;
5315, 0.925241, 0, 0;
5325, 0.965616, 0.0291165, 0.0296303;
5335, 1.02603, 0, 0;
5345, 0.946321, 0, 0;
5355, 0.982025, 0, 0;
5365, 0.888518, 0, 0;
5375, 1.00549, 0, 0;
5385, 0.950074, 0.143023, 0.146733;
5395, 0.978819, 0, 0;
5405, 0.873409, 0, 0;
5415, 0.89745, 0.635831, 0.671177;
5425, 0.88629, 0, 0;
5435, 0.985217, 0, 0;
5445, 0.860982, 0, 0;
5455, 0.912331, 0, 0;
5465, 0.885006, 0, 0;
5475, 0.912774, 0, 0;
5485, 0.751419, 0.136388, 0.157339;
5495, 0.868288, 0, 0;
5505, 0.881149, 0, 0;
5515, 0.862074, 0, 0;
5525, 0.815189, 0, 0;
5535, 0.803085, 0, 0;
5545, 0.797249, 0, 0;
5555, 0.750117, 0.231922, 0.267779;
5565, 0.740675, 0, 0;
5575, 0.727168, 0, 0;
5585, 0.737824, 0, 0;
5595, 0.789139, 0, 0;
5605, 0.760282, 0, 0;
5615, 0.677417, 0, 0;
5625, 0.792517, 0, 0;
5635, 0.745998, 0, 0;
5645, 0.730603, 0, 0;
5655, 0.815179, 0, 0;
5665, 0.679079, 0, 0;
5675, 0.69981, 0, 0;
5685, 0.736457, 0, 0;
5695, 0.624722, 0, 0;
5705, 0.593574, 0, 0;
5715, 0.667656, 0, 0;
5725, 0.566973, 0, 0;
5735, 0.659484, 0.342736, 0.422043;
5745, 0.664844, 0, 0;
5755, 0.587832, 0, 0;
5765, 0.637703, 0, 0;
5775, 0.535352, 0, 0;
5785, 0.557643, 0.231461, 0.309955;
5795, 0.650865, 0, 0;
5805, 0.561905, 0.0817867, 0.109107;
5815, 0.617306, 0, 0;
5825, 0.596627, 0, 0;
5835, 0.584704, 0, 0;
5845, 0.577635, 0, 0;
5855, 0.590908, 0, 0;
5865, 0.531226, 0, 0;
5875, 0.593813, 0, 0;
5885, 0.599912, 0, 0;
5895, 0.568042, 0, 0;
5905, 0.521456, 0, 0;
5915, 0.488739, 0, 0;
5925, 0.535666, 0, 0;
5935, 0.45346, 0, 0;
5945, 0.509946, 0, 0;
5955, 0.592512, 0, 0;
5965, 0.47833, 0, 0;
5975, 0.573717, 0, 0;
5985, 0.507024, 0, 0;
5995, 0.522503, 0, 0;
6005, 0.451368, 0, 0;
6015, 0.488773, 0, 0;
6025, 0.457165, 0, 0;
6035, 0.453821, 0, 0;
6045, 0.436264, 0, 0;
6055, 0.49232, 0, 0;
6065, 0.47017, 0, 0;
6075, 0.41306, 0, 0;
6085, 0.461693, 0, 0;
6095, 0.490932, 0, 0;
6105, 0.502211, 0, 0;
6115, 0.433569, 0, 0;
6125, 0.437401, 1.33827, 2.0235;
6135, 0.376239, 0, 0;
6145, 0.414585, 0, 0;
6155, 0.411239, 0, 0;
6165, 0.431054, 0, 0;
6175, 0.384776, 0, 0;
6185, 0.39078, 0, 0;
6195, 0.408287, 0, 0;
6205, 0.409007, 0, 0;
6215, 0.334712, 0, 0;
6225, 0.412262, 0, 0;
6235, 0.43723, 0, 0;
6245, 0.384782, 0, 0;
6255, 0.325321, 0, 0;
6265, 0.347168, 0, 0;
6275, 0.320194, 3.02204, 5.34064;
6285, 0.360088, 0, 0;
6295, 0.357245, 0, 0;
6305, 0.383267, 0, 0;
6315, 0.373203, 0.228757, 0.374457;
6325, 0.402097, 0, 0;
6335, 0.311147, 0, 0;
6345, 0.365087, 0.456624, 0.755719;
6355, 0.295764, 0.180386, 0.331689;
6365, 0.352599, 0, 0;
6375, 0.310992, 0, 0;
6385, 0.372983, 0, 0;
6395, 0.307181, 0, 0;
6405, 0.320944, 0, 0;
6415, 0.306074, 0, 0;
6425, 0.285332, 0, 0;
6435, 0.354888, 0.675688, 1.13423;
6445, 0.319191, 0, 0;
6455, 0.330233, 0, 0;
6465, 0.354633, 0, 0;
6475, 0.275857, 0, 0;
6485, 0.290426, 0, 0;
6495, 0.286997, 0, 0;
6505, 0.288381, 0, 0;
6515, 0.305389, 0, 0;
6525, 0.285116, 0, 0;
6535, 0.240884, 0, 0;
6545, 0.257188, 0.377383, 0.744144;
6555, 0.232359, 0, 0;
6565, 0.305147, 0, 0;
6575, 0.377122, 0, 0;
6585, 0.220525, 0, 0;
6595, 0.292919, 0, 0;
6605, 0.288339, 0, 0;
6615, 0.283279, 0, 0;
6625, 0.250039, 0, 0;
6635, 0.234151, 0, 0;
6645, 0.227432, 0, 0;
6655, 0.268925, 0, 0;
6665, 0.260902, 0, 0;
6675, 0.224556, 0, 0;
6685, 0.202257, 0, 0;
6695, 0.17369, 0, 0;
6705, 0.231152, 0, 0;
6715, 0.184656, 0, 0;
6725, 0.240393, 0, 0;
6735, 0.218011, 0, 0;
6745, 0.220866, 0, 0;
6755, 0.241445, 0, 0;
6765, 0.249508, 0, 0;
6775, 0.231181, 0, 0;
6785, 0.212916, 0, 0;
6795, 0.2214, 0, 0;
6805, 0.215875, 0, 0;
6815, 0.194491, 0, 0;
6825, 0.19647, 0.317154, 0.71552;
6835, 0.258816, 0, 0;
6845, 0.208116, 0.938303, 2.05679;
6855, 0.221579, 0, 0;
6865, 0.20978, 0, 0;
6875, 0.234816, 0, 0;
6885, 0.20269, 0.389334, 0.864782;
6895, 0.217398, 0.873192, 1.87276;
6905, 0.230095, 0, 0;
6915, 0.187784, 0, 0;
6925, 0.190271, 0, 0;
6935, 0.202465, 0, 0;
6945, 0.175525, 0, 0;
6955, 0.18625, 0, 0;
6965, 0.226072, 0, 0;
6975, 0.192279, 0, 0;
6985, 0.167824, 0, 0;
6995, 0.186521, 0, 0;
7005, 0.177419, 0, 0;
7015, 0.158156, 0, 0;
7025, 0.143093, 0, 0;
7035, 0.17241, 0, 0;
7045, 0.148605, 0, 0;
7055, 0.165127, 0, 0;
7065, 0.198537, 0, 0;
7075, 0.14737, 0, 0;
7085, 0.175617, 0, 0;
7095, 0.180963, 0, 0;
7105, 0.145834, 0, 0;
7115, 0.146193, 0, 0;
7125, 0.195834, 0, 0;
7135, 0.193926, 0, 0;
7145, 0.168052, 0.0887839, 0.216577;
7155, 0.169856, 0, 0;
7165, 0.147785, 0, 0;
7175, 0.174529, 0, 0;
7185, 0.164526, 0, 0;
7195, 0.163542, 0, 0;
7205, 0.142721, 0, 0;
7215, 0.119273, 0, 0;
7225, 0.156413, 0, 0;
7235, 0.156575, 0, 0;
7245, 0.176397, 0, 0;
7255, 0.165423, 0, 0;
7265, 0.179588, 0, 0;
7275, 0.124083, 0, 0;
7285, 0.139271, 0, 0;
7295, 0.166571, 0, 0;
7305, 0.157069, 0, 0;
7315, 0.146728, 0, 0;
7325, 0.0951693, 0, 0;
7335, 0.15585, 0, 0;
7345, 0.141856, 0, 0;
7355, 0.140001, 0.19886, 0.531474;
7365, 0.130931, 0, 0;
7375, 0.129873, 0, 0;
7385, 0.155727, 0, 0;
7395, 0.117691, 0, 0;
7405, 0.121958, 1.69395, 4.85059;
7415, 0.112294, 0, 0;
7425, 0.141831, 0, 0;
7435, 0.104797, 0, 0;
7445, 0.0940203, 0, 0;
7455, 0.151503, 0, 0;
7465, 0.119363, 0, 0;
7475, 0.141812, 0, 0;
7485, 0.155523, 0, 0;
7495, 0.111266, 0, 0;
7505, 0.104392, 0, 0;
7515, 0.115332, 0, 0;
7525, 0.113518, 0, 0;
7535, 0.0919306, 0, 0;
7545, 0.110301, 0, 0;
7555, 0.119334, 0, 0;
7565, 0.131251, 0, 0;
7575, 0.110498, 0, 0;
7585, 0.111733, 0, 0;
7595, 0.11964, 0, 0;
7605, 0.12559, 0, 0;
7615, 0.104616, 0, 0;
7625, 0.135811, 0, 0;
7635, 0.120324, 0, 0;
7645, 0.112784, 0, 0;
7655, 0.103283, 0, 0;
7665, 342.211, 0, 0;
7675, 0.116914, 0, 0;
7685, 0.0813818, 0, 0;
7695, 0.0989394, 0, 0;
7705, 0.140493, 0, 0;
7715, 0.0823806, 0, 0;
7725, 0.10707, 0, 0;
7735, 0.0963092, 0, 0;
7745, 0.0967599, 0, 0;
7755, 0.100975, 0, 0;
7765, 0.066744, 0, 0;
7775, 0.119015, 0, 0;
7785, 0.0882659, 0, 0;
7795, 0.107672, 0, 0;
7805, 0.105974, 0, 0;
7815, 0.108583, 0, 0;
7825, 0.10739, 0, 0;
7835, 0.10084, 0, 0;
7845, 0.107194, 0, 0;
7855, 0.0646514, 0, 0;
7865, 0.10028, 0, 0;
7875, 0.101039, 0, 0;
7885, 0.0713436, 0, 0;
7895, 0.0722824, 0, 0;
7905, 0.0880722, 0, 0;
7915, 0.060638, 0, 0;
7925, 0.0543748, 0, 0;
7935, 0.0872291, 0, 0;
7945, 0.0741808, 0, 0;
7955, 0.0996411, 0, 0;
7965, 0.0790235, 0, 0;
7975, 0.0561323, 0, 0;
7985, 0.0890643, 0, 0;
7995, 0.0556091, 0, 0;
8005, 0.0714412, 0, 0;
8015, 0.105426, 0, 0;
8025, 0.0817434, 0, 0;
8035, 0.0837453, 0, 0;
8045, 0.0689657, 0, 0;
8055, 0.0724151, 0, 0;
8065, 0.0638233, 0, 0;
8075, 0.0715549, 0, 0;
8085, 0.0973378, 0, 0;
8095, 0.0823764, 0, 0;
8105, 0.0503356, 0, 0;
8115, 0.0923918, 0, 0;
8125, 0.0766166, 0, 0;
8135, 0.0996416, 0, 0;
8145, 0.066899, 0, 0;
8155, 0.0788814, 0, 0;
8165, 0.0547747, 0, 0;
8175, 0.0577594, 0, 0;
8185, 0.0724073, 0, 0;
8195, 0.0632012, 0, 0;
8205, 0.0679354, 0, 0;
8215, 0.0649455, 0, 0;
8225, 0.0783763, 0, 0;
8235, 0.0479812, 0, 0;
8245, 0.0860184, 0, 0;
8255, 0.0397951, 0, 0;
8265, 0.0790293, 0, 0;
8275, 0.035453, 0, 0;
8285, 0.0459485, 0, 0;
8295, 0.0551166, 0, 0;
8305, 0.0567505, 0, 0;
8315, 0.0209523, 0, 0;
8325, 0.0447862, 0, 0;
8335, 0.054838, 0, 0;
8345, 0.0548967, 0, 0;
8355, 0.0375746, 0, 0;
8365, 0.0625803, 0, 0;
8375, 0.0764126, 0, 0;
8385, 0.0788031, 0, 0;
8395, 0.0272953, 0, 0;
8405, 0.0441938, 0, 0;
8415, 0.0519487, 0, 0;
8425, 0.0529209, 0, 0;
8435, 0.0462646, 0, 0;
8445, 0.0496672, 0, 0;
8455, 0.0537853, 0, 0;
8465, 0.03562, 0, 0;
8475, 0.0421148, 0, 0;
8485, 0.0358862, 0, 0;
8495, 0.0440365, 0, 0;
8505, 0.0361391, 0, 0;
8515, 0.0554398, 0, 0;
8525, 0.0565397, 0, 0;
8535, 0.0482657, 0, 0;
8545, 0.0698872, 0, 0;
8555, 0.0441277, 0, 0;
8565, 0.0286492, 0, 0;
8575, 0.0438757, 0, 0;
8585, 0.0253541, 0, 0;
8595, 0.0371688, 0, 0;
8605, 0.0460841, 1.14503, 5.33387;
8615, 0.0347291, 0, 0;
8625, 0.0567149, 0, 0;
8635, 0.030241, 0, 0;
8645, 0.0429547, 0.0967026, 0.466587;
8655, 0.041853, 0, 0;
8665, 0.0664102, 0, 0;
8675, 0.0323241, 0, 0;
8685, 0.0305653, 0, 0;
8695, 0.0468977, 0, 0;
8705, 0.049277, 0, 0;
8715, 0.0485347, 0, 0;
8725, 0.0301519, 0, 0;
8735, 0.0479161, 0, 0;
8745, 0.0350663, 0, 0;
8755, 0.0633947, 0, 0;
8765, 0.0360731, 0, 0;
8775, 0.0542429, 0, 0;
8785, 0.0414314, 0, 0;
8795, 0.0194106, 0, 0;
8805, 0.0527383, 0, 0;
8815, 0.042571, 0, 0;
8825, 0.0538378, 0, 0;
8835, 0.0444733, 0, 0;
8845, 0.047681, 0, 0;
8855, 0.0495685, 0, 0;
8865, 0.0487139, 0, 0;
8875, 0.0504065, 0, 0;
8885, 0.0589134, 0, 0;
8895, 0.0375063, 0, 0;
8905, 0.0223502, 0, 0;
8915, 0.0451522, 0, 0;
8925, 0.0411146, 0, 0;
8935, 0.0423146, 0, 0;
8945, 0.0272255, 0, 0;
8955, 0.0481829, 0, 0;
8965, 0.0350464, 0, 0;
8975, 0.034279, 0, 0;
8985, 0.0438468, 0, 0;
8995, 0.0331648, 0, 0;
9005, 0.0481526, 0, 0;
9015, 0.0244487, 0, 0;
9025, 0.0338345, 0, 0;
9035, 0.0212182, 0, 0;
9045, 0.0254235, 0, 0;
9055, 0.035738, 0, 0;
9065, 0.0409567, 0, 0;
9075, 0.0242621, 0.411128, 2.63945;
9085, 0.0231999, 0, 0;
9095, 0.0284203, 0, 0;
9105, 0.025568, 0, 0;
9115, 0.03157, 0, 0;
9125, 0.0252958, 0, 0;
9135, 0.0503369, 0, 0;
9145, 0.0179561, 0, 0;
9155, 0.0407903, 0, 0;
9165, 0.0285944, 0, 0;
9175, 0.0397216, 0, 0;
9185, 0.0284194, 0, 0;
9195, 0.0129323, 0, 0;
9205, 0.0451755, 0, 0;
9215, 0.0274783, 0, 0;
9225, 0.0267566, 0, 0;
9235, 0.0159165, 0, 0;
9245, 0.0149334, 0, 0;
9255, 0.0222311, 0, 0;
9265, 0.0223076, 0, 0;
9275, 0.0313928, 0, 0;
9285, 0.0254144, 0, 0;
9295, 0.0314583, 0, 0;
9305, 0.0294875, 0, 0;
9315, 0.0241775, 0, 0;
9325, 0.0165253, 0, 0;
9335, 0.0244692, 0, 0;
9345, 0.033497, 0, 0;
9355, 0.0313852, 0, 0;
9365, 0.0168881, 0, 0;
9375, 0.032318, 0, 0;
9385, 0.0220388, 0, 0;
9395, 0.0147882, 0, 0;
9405, 0.0251968, 0, 0;
9415, 0.0427217, 0, 0;
9425, 0.0188631, 0, 0;
9435, 0.0331165, 0, 0;
9445, 0.0196958, 0, 0;
9455, 0.0144613, 0, 0;
9465, 0.0311785, 0, 0;
9475, 0.0291054, 0, 0;
9485, 0.0383922, 0, 0;
9495, 0.0243475, 0, 0;
9505, 0.0291566, 0, 0;
9515, 0.0158185, 0, 0;
9525, 0.0238262, 0, 0;
9535, 0.0321928, 0, 0;
9545, 0.0207505, 0, 0;
9555, 0.0270162, 0, 0;
9565, 0.0198413, 0, 0;
9575, 0.0171557, 0, 0;
9585, 0.0168084, 0, 0;
9595, 0.0135184, 0, 0;
9605, 0.0175027, 0, 0;
9615, 0.0177572, 0, 0;
9625, 0.0207381, 0, 0;
9635, 0.017679, 0, 0;
9645, 0.020727, 0, 0;
9655, 0.0310433, 0, 0;
9665, 0.0186883, 0, 0;
9675, 0.023849, 0, 0;
9685, 0.0207456, 0, 0;
9695, 0.0113268, 0, 0;
9705, 0.0227492, 0, 0;
9715, 0.0256778, 0, 0;
9725, 0.0352788, 0, 0;
9735, 0.0216581, 0, 0;
9745, 0.0196347, 0, 0;
9755, 0.0248475, 0, 0;
9765, 0.0113865, 0, 0;
9775, 0.0132732, 0, 0;
9785, 0.00616627, 0, 0;
9795, 0.0299937, 0, 0;
9805, 0.0183641, 0, 0;
9815, 0.0142523, 0, 0;
9825, 0.0106078, 0, 0;
9835, 0.0028955, 0, 0;
9845, 0.0111949, 0, 0;
9855, 0.0144599, 0, 0;
9865, 0.0226448, 0, 0;
9875, 0.0245727, 0, 0;
9885, 0.010284, 0, 0;
9895, 0.0142808, 0, 0;
9905, 0.0423169, 0, 0;
9915, 0.0133135, 0, 0;
9925, 0.012237, 0, 0;
9935, 0.0153498, 0, 0;
9945, 0.0153305, 0, 0;
9955, 0.0144497, 0, 0;
9965, 0.0079705, 0, 0;
9975, 0.00918645, 0, 0;
9985, 0.0214642, 0, 0;
9995, 0.0287039, 0, 0;
10005, 0.0309638, 0, 0;
10015, 0.00925958, 0, 0;
10025, 0.00529524, 0, 0;
10035, 0.0100917, 0, 0;
10045, 0.0038822, 0, 0;
10055, 0.0099749, 0, 0;
10065, 0.0150817, 0, 0;
10075, 0.0255877, 0, 0;
10085, 0.0172575, 0, 0;
10095, 0.0172633, 0, 0;
10105, 0.0131792, 0, 0;
10115, 0.0130506, 0, 0;
10125, 0.0130236, 0, 0;
10135, 0.0172121, 0, 0;
10145, 0.0172927, 0, 0;
10155, 0.00679586, 0, 0;
10165, 0.0214113, 0, 0;
10175, 0.0182071, 0, 0;
10185, 0.0234096, 0, 0;
10195, 0.0120404, 0, 0;
10205, 0.0109338, 0, 0;
10215, 0.011075, 0, 0;
10225, 0.0162736, 0, 0;
10235, 0.0150399, 0, 0;
10245, 0.0150784, 0, 0;
10255, 0.0182863, 0, 0;
10265, 0.001683, 0, 0;
10275, 0.00684874, 0, 0;
10285, 0.0274948, 0, 0;
10295, 0.00491934, 0, 0;
10305, 0.0130465, 0, 0;
10315, 0.0119749, 0, 0;
10325, 0.0170431, 0, 0;
10335, 0.021261, 0, 0;
10345, 0.00263099, 0, 0;
10355, 0.0150558, 0, 0;
10365, 0.00997843, 0, 0;
10375, 0.010049, 0, 0;
10385, 0.0128802, 0, 0;
10395, 0.00567237, 0, 0;
10405, 0.00777421, 0, 0;
10415, 0.0119775, 0, 0;
10425, 0.0222038, 0, 0;
10435, 0.00584809, 0, 0;
10445, 0.0139154, 0, 0;
10455, 0.015424, 0, 0;
10465, 0.018223, 0, 0;
10475, 0.0108935, 0, 0;
10485, 0.0202155, 0, 0;
10495, 0.00666323, 0, 0;
10505, 0.0089219, 0, 0;
10515, 0.0160037, 0, 0;
10525, 0.00676142, 0, 0;
10535, 0.0109499, 0, 0;
10545, 0.00265448, 0, 0;
10555, 0.00873307, 0, 0;
10565, 0.0170113, 0, 0;
10575, 0.00986077, 0, 0;
10585, 0.00882628, 0, 0;
10595, 0.0191351, 0, 0;
10605, 0.00669002, 0, 0;
10615, 0.0119028, 0, 0;
10625, 0.0138894, 0, 0;
10635, 0.00255642, 0, 0;
10645, 0.0129668, 0, 0;
10655, 0.00452783, 0, 0;
10665, 0.00358926, 0, 0;
10675, 0.00367226, 0, 0;
10685, 0.013935, 0, 0;
10695, 0.0055178, 0, 0;
10705, 0.0220906, 0, 0;
10715, 0.0148676, 0, 0;
10725, 0.00777507, 0, 0;
10735, 0.0107617, 0, 0;
10745, 0.00664816, 0, 0;
10755, 0.00772721, 0, 0;
10765, 0.00877265, 0, 0;
10775, 0.01093, 0, 0;
10785, 0.00771714, 0, 0;
10795, 0.00252198, 0, 0;
10805, 0.0200536, 0, 0;
10815, 0.0148519, 0, 0;
10825, 0.0158797, 0, 0;
10835, 0.00967681, 0, 0;
10845, 0.0189527, 0, 0;
10855, 0.0147559, 0, 0;
10865, 0.0137357, 0, 0;
10875, 0.00970033, 0, 0;
10885, 0.0118146, 0, 0;
10895, 0.00968442, 0, 0;
10905, 0.00143123, 0, 0;
10915, 0.00565978, 0, 0;
10925, 0.00142119, 0, 0;
10935, 0.0137475, 0, 0;
10945, 0.00451785, 0, 0;
10955, 0.00442557, 0, 0;
10965, 0.00143535, 0, 0;
10975, 0.0179106, 0, 0;
10985, 0.00357993, 0, 0;
10995, 0.00248584, 0, 0;
11005, 0.0106777, 0, 0;
11015, 0.00346996, 0, 0;
11025, 0.00353305, 0, 0;
11035, 0.00442544, 0, 0;
11045, 0.0158535, 0, 0;
11055, 0.00245143, 0, 0;
11065, 0.00345676, 0, 0;
11075, 0.00845171, 0, 0;
11085, 0.0035976, 0, 0;
11095, 0.00552555, 0, 0;
11105, 0.00759283, 0, 0;
11115, 0.00956838, 0, 0;
11125, 0.010788, 0, 0;
11135, 0.0065406, 0, 0;
11145, 0.000279903, 0, 0;
11155, 0.00963568, 0, 0;
11165, 0.00954763, 0, 0;
11175, 0.0138696, 0, 0;
11185, 0.00135651, 0, 0;
11195, 0.0013423, 0, 0;
11205, 0.00347858, 0, 0;
11215, 0.0053929, 0, 0;
11225, 0.0013254, 0, 0;
11235, 0.00954904, 0, 0;
11245, 0.00957444, 0, 0;
11255, 0.0180016, 0, 0;
11265, 0.00238608, 0, 0;
11275, 0.00440538, 0, 0;
11285, 0.00652899, 0, 0;
11295, 0.000225463, 0, 0;
11305, 0.00341792, 0.413197, 7.06767;
11315, 0.00546762, 0, 0;
11325, 0.00646352, 0, 0;
11335, 0.00847266, 0, 0;
11345, 0.00346336, 0, 0;
11355, 0.00537771, 0, 0;
11365, 0.0147182, 0, 0;
11375, 0.00436337, 0, 0;
11385, 0.00541368, 0, 0;
11395, 0.00548352, 0, 0;
11405, 0.00023201, 0, 0;
11415, 0.00127006, 0, 0;
11425, 0.000179293, 0, 0;
11435, 0.00129715, 0, 0;
11445, 0.00448116, 0, 0;
11455, 0.00542477, 0, 0;
11465, 0.00234752, 0, 0;
11475, 0.00751885, 0, 0;
11485, 0.00645345, 0, 0;
11495, 0.00656955, 0, 0;
11505, 0.00540538, 0, 0;
11515, 0.00347184, 0, 0;
11525, 0.00538302, 0, 0;
11535, 0.00227766, 0, 0;
11545, 0.00844264, 0, 0;
11555, 0.00234654, 0, 0;
11565, 0.0147134, 0, 0;
11575, 0.00126074, 0, 0;
11585, 0.0023686, 0, 0;
11595, 0.00230361, 0, 0;
11605, 0.00124494, 0, 0;
11615, 0.00646361, 0, 0;
11625, 0.0023148, 0, 0;
11635, 0.00334164, 0, 0;
11645, 0.00432407, 0, 0;
11655, 0.00128442, 0, 0;
11665, 0.00126932, 0, 0;
11675, 0.000196172, 0, 0;
11685, 0.00538947, 0, 0;
11695, 0.000219999, 0, 0;
11705, 0.00432237, 0, 0;
11715, 0.0022811, 0, 0;
11725, 0.00228456, 0, 0;
11735, 0.00842743, 0, 0;
11745, 0.00120054, 0, 0;
11755, 0.0105268, 0, 0;
11765, 0.00235012, 0, 0;
11775, 0.0116318, 0, 0;
11785, 0.000198815, 0, 0;
11795, 0.00127378, 0, 0;
11805, 0.00429158, 0, 0;
11815, 0.00428883, 0, 0;
11825, 0.00425013, 0, 0;
11835, 0.00125027, 0, 0;
11845, 0.00531853, 0, 0;
11855, 0.00225288, 0, 0;
11865, 0.00425942, 0, 0;
11875, 0.00226275, 0, 0;
11885, 0.000155167, 0, 0;
11895, 0.00018045, 0, 0;
11905, 0.00637214, 0, 0;
11915, 0.00840509, 0, 0;
11925, 0.00229074, 0, 0;
11935, 0.00120585, 0, 0;
11945, 0.00533776, 0, 0;
11955, 0.00234178, 0, 0;
11965, 0.000130969, 0, 0;
11975, 0.00428481, 0, 0;
11985, 0.00425195, 0, 0;
11995, 0.00128211, 0, 0;
12005, 0.00337046, 0, 0;
12015, 0.00537631, 0, 0;
12025, 0.00438223, 0, 0;
12035, 0.0012159, 0, 0;
12045, 0.00423102, 0, 0;
12055, 0.00444626, 0, 0;
12065, 0.00533687, 0, 0;
12075, 0.00335413, 0, 0;
12085, 0.00122604, 0, 0;
12095, 0.00528424, 0, 0;
12105, 0.00226651, 0, 0;
12115, 0.00012077, 0, 0;
12125, 0.00531178, 0, 0;
12135, 0.00119152, 0, 0;
12145, 0.00119754, 0, 0;
12155, 0.00226649, 0, 0;
12165, 0.00748503, 0, 0;
12175, 0.00428154, 0, 0;
12185, 0.00332861, 0, 0;
12195, 9.06469e-05, 0, 0;
12205, 0.00011973, 0, 0;
12215, 0.00531139, 0, 0;
12225, 0.000125401, 0, 0;
12235, 0.00334399, 0, 0;
12245, 8.74991e-05, 0, 0;
12255, 0.00227755, 0, 0;
12265, 0.00117249, 0, 0;
12275, 9.9272e-05, 0, 0;
12285, 0.00117314, 0, 0;
12295, 0.00833724, 0, 0;
12305, 0.00635842, 0, 0;
12315, 0.00528164, 0, 0;
12325, 0.000105314, 0, 0;
12335, 0.00533056, 0, 0;
12345, 0.000108372, 0, 0;
12355, 0.0033193, 0, 0;
12365, 0.000117815, 0, 0;
12375, 0.00115101, 0, 0;
12385, 0.00223674, 0, 0;
12395, 0.00422576, 0, 0;
12405, 9.64506e-05, 0, 0;
12415, 0.000126885, 0, 0;
12425, 0.00531712, 0, 0;
12435, 9.99096e-05, 0, 0;
12445, 0.00010175, 0, 0;
12455, 0.000103175, 0, 0;
12465, 0.00117216, 0, 0;
12475, 8.86714e-05, 0, 0;
12485, 0.0063946, 0, 0;
12495, 0.00422962, 0, 0;
12505, 0.00114865, 0, 0;
12515, 0.00117059, 0, 0;
12525, 8.39647e-05, 0, 0;
12535, 0.00115384, 0, 0;
12545, 0.0104623, 0, 0;
12555, 0.0052843, 0, 0;
12565, 0.00529286, 0, 0;
12575, 0.00115883, 0, 0;
12585, 0.00115224, 0, 0;
12595, 8.32669e-05, 0, 0;
12605, 0.00222816, 0, 0;
12615, 8.81668e-05, 0, 0;
12625, 0.000109351, 0, 0;
12635, 0.00634502, 0, 0;
12645, 0.00115224, 0, 0;
12655, 0.00837491, 0, 0;
12665, 9.1031e-05, 0, 0;
12675, 0.00114366, 0, 0;
12685, 0.00529046, 0, 0;
12695, 0.00223443, 0, 0;
12705, 0.00115053, 0, 0;
12715, 7.04848e-05, 0, 0;
12725, 8.22728e-05, 0, 0;
12735, 8.34451e-05, 0, 0;
12745, 0.00115913, 0, 0;
12755, 8.15449e-05, 0, 0;
12765, 0.00114361, 0, 0;
12775, 0.00419582, 0, 0;
12785, 8.50341e-05, 0, 0;
12795, 0.00113883, 0, 0;
12805, 8.15298e-05, 0, 0;
12815, 7.98229e-05, 0, 0;
12825, 7.06179e-05, 0, 0;
12835, 0.00418388, 0, 0;
12845, 0.00524949, 0, 0;
12855, 0.00527581, 0, 0;
12865, 6.27809e-05, 0, 0;
12875, 0.00112932, 0, 0;
12885, 0.00112757, 0, 0;
12895, 0.00113603, 0, 0;
12905, 0.00419236, 0, 0;
12915, 0.00114534, 0, 0;
12925, 7.04848e-05, 0, 0;
12935, 0.00525189, 0, 0;
12945, 0.00417944, 0, 0;
12955, 0.0053931, 0, 0;
12965, 8.82999e-05, 0, 0;
12975, 0.00523838, 0, 0;
12985, 7.6542e-05, 0, 0;
12995, 6.96539e-05, 0, 0;
13005, 0.00219734, 0, 0;
13015, 7.62006e-05, 0, 0;
13025, 0.0041915, 0, 0;
13035, 6.45029e-05, 0, 0;
13045, 0.0134927, 0, 0;
13055, 5.68869e-05, 0, 0;
13065, 0.00219734, 0, 0;
13075, 0.00525565, 0, 0;
13085, 0.00418491, 0, 0;
13095, 5.34579e-05, 0, 0;
13105, 0.00420024, 0, 0;
13115, 5.59807e-05, 0, 0;
13125, 0.00417702, 0, 0;
13135, 6.86448e-05, 0, 0;
13145, 6.00798e-05, 0, 0;
13155, 0.00418724, 0, 0;
13165, 0.0021759, 0, 0;
13175, 6.11919e-05, 0, 0;
13185, 0.00111385, 0, 0;
13195, 4.99687e-05, 0, 0;
13205, 0.00111606, 0, 0;
13215, 0.00524096, 0, 0;
13225, 5.00289e-05, 0, 0;
13235, 4.47876e-05, 0, 0;
13245, 5.40955e-05, 0, 0;
13255, 0.00219142, 0, 0;
13265, 5.17359e-05, 0, 0;
13275, 0.00417619, 0, 0;
13285, 5.14546e-05, 0, 0;
13295, 0.00417875, 0, 0;
13305, 0.0052401, 0, 0;
13315, 5.16178e-05, 0, 0;
13325, 5.85939e-05, 0, 0;
13335, 4.82918e-05, 0, 0;
13345, 6.7962e-05, 0, 0;
13355, 0.004165, 0, 0;
13365, 7.02488e-05, 0, 0;
13375, 0.00219127, 0, 0;
13385, 0.00324323, 0, 0;
13395, 4.23701e-05, 0, 0;
13405, 3.96516e-05, 0, 0;
13415, 4.05578e-05, 0, 0;
13425, 0.00417269, 0, 0;
13435, 0.00416084, 0, 0;
13445, 0.00111125, 0, 0;
13455, 3.78266e-05, 0, 0;
13465, 4.79504e-05, 0, 0;
13475, 0.00112319, 0, 0;
13485, 4.74458e-05, 0, 0;
13495, 4.39416e-05, 0, 0;
13505, 5.08899e-05, 0, 0;
13515, 0.00110952, 0, 0;
13525, 4.48478e-05, 0, 0;
13535, 5.84457e-05, 0, 0;
13545, 0.00418123, 0, 0;
13555, 0.00523327, 0, 0;
13565, 4.4923e-05, 0, 0;
13575, 3.62377e-05, 0, 0;
13585, 4.05277e-05, 0, 0;
13595, 5.91007e-05, 0, 0;
13605, 4.75211e-05, 0, 0;
13615, 0.00629796, 0, 0;
13625, 4.48177e-05, 0, 0;
13635, 0.0011086, 0, 0;
13645, 5.07117e-05, 0, 0;
13655, 3.20078e-05, 0, 0;
13665, 5.74516e-05, 0, 0;
13675, 4.12255e-05, 0, 0;
13685, 0.00111884, 0, 0;
13695, 4.29927e-05, 0, 0;
13705, 2.67214e-05, 0, 0;
13715, 0.00111525, 0, 0;
13725, 0.00218625, 0, 0;
13735, 4.12706e-05, 0, 0;
13745, 0.00110349, 0, 0;
13755, 4.91679e-05, 0, 0;
13765, 0.0041634, 0, 0;
13775, 3.27786e-05, 0, 0;
13785, 0.00522642, 0, 0;
13795, 4.30957e-05, 0, 0;
13805, 3.36998e-05, 0, 0;
13815, 3.62226e-05, 0, 0;
13825, 0.00110609, 0, 0;
13835, 0.00110085, 0, 0;
13845, 0.00217164, 0, 0;
13855, 5.5225e-05, 0, 0;
13865, 0.00110512, 0, 0;
13875, 3.60745e-05, 0, 0;
13885, 5.42009e-05, 0, 0;
13895, 3.10566e-05, 0, 0;
13905, 4.3959e-05, 0, 0;
13915, 0.00415136, 0, 0;
13925, 2.24916e-05, 0, 0;
13935, 0.00521862, 0, 0;
13945, 0.00415744, 0, 0;
13955, 2.68568e-05, 0, 0;
13965, 0.00415485, 0, 0;
13975, 3.45758e-05, 0, 0;
13985, 3.71288e-05, 0, 0;
13995, 0.00416242, 0, 0;
14005, 0.00216385, 0, 0;
14015, 3.45307e-05, 0, 0;
14025, 3.95336e-05, 0, 0;
14035, 3.36396e-05, 0, 0;
14045, 4.31709e-05, 0, 0;
14055, 0.00110422, 0, 0;
14065, 0.0021631, 0, 0;
14075, 3.19477e-05, 0, 0;
14085, 3.36546e-05, 0, 0;
14095, 3.19176e-05, 0, 0;
14105, 2.75975e-05, 0, 0;
14115, 3.10716e-05, 0, 0;
14125, 4.02916e-05, 0, 0;
14135, 0.00109314, 0, 0;
14145, 0.00110092, 0, 0;
14155, 2.50596e-05, 0, 0;
14165, 2.93345e-05, 0, 0;
14175, 2.85036e-05, 0, 0;
14185, 2.50596e-05, 0, 0;
14195, 0.00521601, 0, 0;
14205, 3.02858e-05, 0, 0;
14215, 2.40053e-05, 0, 0;
14225, 3.45608e-05, 0, 0;
14235, 0.00110775, 0, 0;
14245, 2.67966e-05, 0, 0;
14255, 2.42136e-05, 0, 0;
14265, 0.00215695, 0, 0;
14275, 0.00110094, 0, 0;
14285, 2.07846e-05, 0, 0;
14295, 3.02256e-05, 0, 0;
14305, 2.33376e-05, 0, 0;
14315, 3.33734e-05, 0, 0;
14325, 0.00414544, 0, 0;
14335, 3.36546e-05, 0, 0;
14345, 3.95938e-05, 0, 0;
14355, 2.59507e-05, 0, 0;
14365, 2.41986e-05, 0, 0;
14375, 1.21595e-05, 0, 0;
14385, 0.00108642, 0, 0;
14395, 0.00414278, 0, 0;
14405, 2.93496e-05, 0, 0;
14415, 0.0041487, 0, 0;
14425, 0.00109578, 0, 0;
14435, 2.42437e-05, 0, 0;
14445, 2.07395e-05, 0, 0;
14455, 2.68267e-05, 0, 0;
14465, 1.65096e-05, 0, 0;
14475, 1.81715e-05, 0, 0;
14485, 0.00520666, 0, 0;
14495, 2.32646e-05, 0, 0;
14505, 0.00108376, 0, 0;
14515, 0.00215962, 0, 0;
14525, 0.00108891, 0, 0;
14535, 2.67816e-05, 0, 0;
14545, 1.91077e-05, 0, 0;
14555, 1.82317e-05, 0, 0;
14565, 2.50746e-05, 0, 0;
14575, 2.68719e-05, 0, 0;
14585, 0.0010855, 0, 0;
14595, 0.00522214, 0, 0;
14605, 1.90175e-05, 0, 0;
14615, 1.04525e-05, 0, 0;
14625, 0.00108115, 0, 0;
14635, 2.51047e-05, 0, 0;
14645, 1.91228e-05, 0, 0;
14655, 2.50295e-05, 0, 0;
14665, 2.07395e-05, 0, 0;
14675, 2.25969e-05, 0, 0;
14685, 0.00413512, 0, 0;
14695, 2.07395e-05, 0, 0;
14705, 0.00414202, 0, 0;
14715, 1.38965e-05, 0, 0;
14725, 8.80568e-06, 0, 0;
14735, 0.00108878, 0, 0;
14745, 0.0010924, 0, 0;
14755, 0.00214846, 0, 0;
14765, 2.34128e-05, 0, 0;
14775, 2.25217e-05, 0, 0;
14785, 1.73406e-05, 0, 0;
14795, 1.65698e-05, 0, 0;
14805, 1.30656e-05, 0, 0;
14815, 0.00108554, 0, 0;
14825, 1.82166e-05, 0, 0;
14835, 1.65096e-05, 0, 0;
14845, 1.73707e-05, 0, 0;
14855, 1.73556e-05, 0, 0;
14865, 0.00108376, 0, 0;
14875, 2.07696e-05, 0, 0;
14885, 1.64495e-05, 0, 0;
14895, 2.16908e-05, 0, 0;
14905, 0.00413586, 0, 0;
14915, 2.16306e-05, 0, 0;
14925, 1.90175e-05, 0, 0;
14935, 9.59147e-06, 0, 0;
14945, 2.75998e-05, 0, 0;
14955, 0.00107779, 0, 0;
14965, 2.08147e-05, 0, 0;
14975, 1.74609e-05, 0, 0;
14985, 1.13135e-05, 0, 0;
14995, 0.0010881, 0, 0;
15005, 0.00413941, 0, 0;
15015, 1.30506e-05, 0, 0;
15025, 1.82166e-05, 0, 0;
15035, 1.83219e-05, 0, 0;
15045, 1.38815e-05, 0, 0;
15055, 1.56787e-05, 0, 0;
15065, 1.90927e-05, 0, 0;
15075, 1.48177e-05, 0, 0;
15085, 1.30957e-05, 0, 0;
15095, 8.76055e-06, 0, 0;
15105, 1.73857e-05, 0, 0;
15115, 1.47274e-05, 0, 0;
15125, 1.82768e-05, 0, 0;
15135, 1.48027e-05, 0, 0;
15145, 0.00108204, 0, 0;
15155, 0.00108297, 0, 0;
15165, 9.66669e-06, 0, 0;
15175, 1.39567e-05, 0, 0;
15185, 1.82317e-05, 0, 0;
15195, 1.39717e-05, 0, 0;
15205, 1.30506e-05, 0, 0;
15215, 1.05277e-05, 0, 0;
15225, 0.00108544, 0, 0;
15235, 1.56637e-05, 0, 0;
15245, 1.56185e-05, 0, 0;
15255, 0.00413855, 0, 0;
15265, 1.64796e-05, 0, 0;
15275, 1.47726e-05, 0, 0;
15285, 1.04976e-05, 0, 0;
15295, 0.00413522, 0, 0;
15305, 1.39567e-05, 0, 0;
15315, 1.21745e-05, 0, 0;
15325, 1.99838e-05, 0, 0;
15335, 6.26779e-06, 0, 0;
15345, 1.31408e-05, 0, 0;
15355, 8.73046e-06, 0, 0;
15365, 0.00825019, 0, 0;
15375, 1.13586e-05, 0, 0;
15385, 0.00108222, 0, 0;
15395, 1.23099e-05, 0, 0;
15405, 9.59147e-06, 0, 0;
15415, 1.47876e-05, 0, 0;
15425, 0.00412743, 0, 0;
15435, 1.13135e-05, 0, 0;
15445, 5.36164e-06, 0, 0;
15455, 1.72827e-05, 0, 0;
15465, 1.04976e-05, 0, 0;
15475, 1.40018e-05, 0, 0;
15485, 1.65096e-05, 0, 0;
15495, 1.48478e-05, 0, 0;
15505, 7.17393e-06, 0, 0;
15515, 1.06781e-05, 0, 0;
15525, 7.92963e-06, 0, 0;
15535, 6.29787e-06, 0, 0;
15545, 9.78705e-06, 0, 0;
15555, 9.63661e-06, 0, 0;
15565, 8.94108e-06, 0, 0;
15575, 9.65165e-06, 0, 0;
15585, 7.98981e-06, 0, 0;
15595, 0.00108207, 0, 0;
15605, 0.00107956, 0, 0;
15615, 8.80568e-06, 0, 0;
15625, 8.80568e-06, 0, 0;
15635, 5.39173e-06, 0, 0;
15645, 6.28283e-06, 0, 0;
15655, 7.08366e-06, 0, 0;
15665, 1.14038e-05, 0, 0;
15675, 1.39717e-05, 0, 0;
15685, 7.94467e-06, 0, 0;
15695, 1.14188e-05, 0, 0;
15705, 1.48478e-05, 0, 0;
15715, 0.0021416, 0, 0;
15725, 1.14038e-05, 0, 0;
15735, 1.14188e-05, 0, 0;
15745, 7.1288e-06, 0, 0;
15755, 1.49832e-05, 0, 0;
15765, 9.83218e-06, 0, 0;
15775, 1.05728e-05, 0, 0;
15785, 0.00413246, 0, 0;
15795, 1.13737e-05, 0, 0;
15805, 8.82073e-06, 0, 0;
15815, 6.34301e-06, 0, 0;
15825, 6.2377e-06, 0, 0;
15835, 1.07082e-05, 0, 0;
15845, 6.32796e-06, 0, 0;
15855, 8.91099e-06, 0, 0;
15865, 2.08309e-06, 0, 0;
15875, 8.83577e-06, 0, 0;
15885, 0.00107616, 0, 0;
15895, 8.89595e-06, 0, 0;
15905, 7.29428e-06, 0, 0;
15915, 1.15241e-05, 0, 0;
15925, 0.00412914, 0, 0;
15935, 7.18897e-06, 0, 0;
15945, 1.22497e-05, 0, 0;
15955, 8.86586e-06, 0, 0;
15965, 4.63603e-06, 0, 0;
15975, 5.39173e-06, 0, 0;
15985, 5.45191e-06, 0, 0;
15995, 7.24915e-06, 0, 0;
16005, 1.05427e-05, 0, 0;
16015, 8.09512e-06, 0, 0;
16025, 7.21906e-06, 0, 0;
16035, 0.00107362, 0, 0;
16045, 9.80209e-06, 0, 0;
16055, 5.51209e-06, 0, 0;
16065, 3.6998e-06, 0, 0;
16075, 4.56081e-06, 0, 0;
16085, 9.68174e-06, 0, 0;
16095, 6.22265e-06, 0, 0;
16105, 5.482e-06, 0, 0;
16115, 5.43686e-06, 0, 0;
16125, 7.21906e-06, 0, 0;
16135, 1.15843e-05, 0, 0;
16145, 0.0041275, 0, 0;
16155, 7.1288e-06, 0, 0;
16165, 1.06631e-05, 0, 0;
16175, 6.20761e-06, 0, 0;
16185, 6.40319e-06, 0, 0;
16195, 9.78705e-06, 0, 0;
16205, 4.65107e-06, 0, 0;
16215, 3.8352e-06, 0, 0;
16225, 8.04998e-06, 0, 0;
16235, 8.20043e-06, 0, 0;
16245, 4.71125e-06, 0, 0;
16255, 6.31292e-06, 0, 0;
16265, 3.75998e-06, 0, 0;
16275, 6.55363e-06, 0, 0;
16285, 3.80511e-06, 0, 0;
16295, 8.98622e-06, 0, 0;
16305, 0.00107272, 0, 0;
16315, 9.81714e-06, 0, 0;
16325, 5.482e-06, 0, 0;
16335, 0.00107362, 0, 0;
16345, 7.30933e-06, 0, 0;
16355, 5.45191e-06, 0, 0;
16365, 9.80209e-06, 0, 0;
16375, 9.77201e-06, 0, 0;
16385, 8.92604e-06, 0, 0;
16395, 8.92604e-06, 0, 0;
16405, 7.33942e-06, 0, 0;
16415, 0.00413116, 0, 0;
16425, 7.38455e-06, 0, 0;
16435, 9.96758e-06, 0, 0;
16445, 3.85024e-06, 0, 0;
16455, 3.8352e-06, 0, 0;
16465, 4.78647e-06, 0, 0;
16475, 3.03436e-06, 0, 0;
16485, 4.74134e-06, 0, 0;
16495, 0.00107451, 0, 0;
16505, 8.26061e-06, 0, 0;
16515, 5.52713e-06, 0, 0;
16525, 6.53858e-06, 0, 0;
16535, 6.47841e-06, 0, 0;
16545, 3.95555e-06, 0, 0;
16555, 3.06445e-06, 0, 0;
16565, 2.14327e-06, 0, 0;
16575, 0.00107211, 0, 0;
16585, 5.64749e-06, 0, 0;
16595, 4.83161e-06, 0, 0;
16605, 6.44832e-06, 0, 0;
16615, 3.10959e-06, 0, 0;
16625, 5.66253e-06, 0, 0;
16635, 7.45977e-06, 0, 0;
16645, 7.33942e-06, 0, 0;
16655, 6.56867e-06, 0, 0;
16665, 0.00107553, 0, 0;
16675, 4.00069e-06, 0, 0;
16685, 4.87674e-06, 0, 0;
16695, 4.90683e-06, 0, 0;
16705, 4.04582e-06, 0, 0;
16715, 4.78647e-06, 0, 0;
16725, 6.59876e-06, 0, 0;
16735, 5.72271e-06, 0, 0;
16745, 5.04223e-06, 0, 0;
16755, 0.00412675, 0, 0;
16765, 1.53801e-06, 0, 0;
16775, 5.70766e-06, 0, 0;
16785, 4.84665e-06, 0, 0;
16795, 0.00626314, 0, 0;
16805, 3.89538e-06, 0, 0;
16815, 6.71912e-06, 0, 0;
16825, 3.12463e-06, 0, 0;
16835, 5.69262e-06, 0, 0;
16845, 3.44056e-06, 0, 0;
16855, 3.15472e-06, 0, 0;
16865, 2.4592e-06, 0, 0;
16875, 3.26003e-06, 0, 0;
16885, 5.02719e-06, 0, 0;
16895, 5.90324e-06, 0, 0;
16905, 5.04223e-06, 0, 0;
16915, 5.8882e-06, 0, 0;
16925, 0.00107196, 0, 0;
16935, 0.00107226, 0, 0;
16945, 4.84665e-06, 0, 0;
16955, 2.4592e-06, 0, 0;
16965, 5.14754e-06, 0, 0;
16975, 1.00602e-05, 0, 0;
16985, 5.02719e-06, 0, 0;
16995, 3.44056e-06, 0, 0;
17005, 5.1325e-06, 0, 0;
17015, 4.46706e-06, 0, 0;
17025, 7.76066e-06, 0, 0;
17035, 2.60964e-06, 0, 0;
17045, 4.9971e-06, 0, 0;
17055, 5.05727e-06, 0, 0;
17065, 2.54947e-06, 0, 0;
17075, 6.92974e-06, 0, 0;
17085, 1.68845e-06, 0, 0;
17095, 3.59101e-06, 0, 0;
17105, 4.39184e-06, 0, 0;
17115, 2.62469e-06, 0, 0;
17125, 5.93333e-06, 0, 0;
17135, 1.91412e-06, 0, 0;
17145, 4.39184e-06, 0, 0;
17155, 4.61751e-06, 0, 0;
17165, 3.51579e-06, 0, 0;
17175, 1.79377e-06, 0, 0;
17185, 8.01642e-06, 0, 0;
17195, 5.29799e-06, 0, 0;
17205, 2.04952e-06, 0, 0;
17215, 4.81309e-06, 0, 0;
17225, 2.09465e-06, 0, 0;
17235, 3.59101e-06, 0, 0;
17245, 3.77154e-06, 0, 0;
17255, 3.80163e-06, 0, 0;
17265, 3.65119e-06, 0, 0;
17275, 2.92558e-06, 0, 0;
17285, 1.92917e-06, 0, 0;
17295, 3.1362e-06, 0, 0;
17305, 0.00107141, 0, 0;
17315, 4.08748e-06, 0, 0;
17325, 2.36545e-06, 0, 0;
17335, 3.90694e-06, 0, 0;
17345, 3.10611e-06, 0, 0;
17355, 3.15124e-06, 0, 0;
17365, 3.39195e-06, 0, 0;
17375, 1.26373e-06, 0, 0;
17385, 5.12902e-06, 0, 0;
17395, 5.0538e-06, 0, 0;
17405, 4.2981e-06, 0, 0;
17415, 1.74515e-06, 0, 0;
17425, 4.26801e-06, 0, 0;
17435, 3.42204e-06, 0, 0;
17445, 2.80174e-06, 0, 0;
17455, 2.66634e-06, 0, 0;
17465, 2.71148e-06, 0, 0;
17475, 2.35041e-06, 0, 0;
17485, 2.81679e-06, 0, 0;
17495, 3.42204e-06, 0, 0;
17505, 2.74156e-06, 0, 0;
17515, 1.97082e-06, 0, 0;
17525, 3.69284e-06, 0, 0;
17535, 2.06109e-06, 0, 0;
17545, 2.1664e-06, 0, 0;
17555, 1.8956e-06, 0, 0;
17565, 2.74156e-06, 0, 0;
17575, 1.97082e-06, 0, 0;
17585, 3.23803e-06, 0, 0;
17595, 2.1664e-06, 0, 0;
17605, 3.99373e-06, 0, 0;
17615, 2.18144e-06, 0, 0;
17625, 2.01595e-06, 0, 0;
17635, 2.25666e-06, 0, 0;
17645, 4.58394e-06, 0, 0;
17655, 0.00412312, 0, 0;
17665, 3.99373e-06, 0, 0;
17675, 2.031e-06, 0, 0;
17685, 2.01595e-06, 0, 0;
17695, 2.89201e-06, 0, 0;
17705, 2.80174e-06, 0, 0;
17715, 2.19649e-06, 0, 0;
17725, 2.13631e-06, 0, 0;
17735, 2.1664e-06, 0, 0;
17745, 2.25666e-06, 0, 0;
17755, 2.84688e-06, 0, 0;
17765, 0.0010701, 0, 0;
17775, 2.13631e-06, 0, 0;
17785, 1.83542e-06, 0, 0;
17795, 2.12127e-06, 0, 0;
17805, 1.7602e-06, 0, 0;
17815, 2.24162e-06, 0, 0;
17825, 2.19649e-06, 0, 0;
17835, 3.02741e-06, 0, 0;
17845, 1.92569e-06, 0, 0;
17855, 3.87338e-06, 0, 0;
17865, 2.10622e-06, 0, 0;
17875, 2.86192e-06, 0, 0;
17885, 1.82038e-06, 0, 0;
17895, 1.85047e-06, 0, 0;
17905, 2.84688e-06, 0, 0;
17915, 3.5424e-06, 0, 0;
17925, 0.00106907, 0, 0;
17935, 1.92569e-06, 0, 0;
17945, 3.22299e-06, 0, 0;
17955, 1.74515e-06, 0, 0;
17965, 2.90705e-06, 0, 0;
17975, 1.77524e-06, 0, 0;
17985, 1.79029e-06, 0, 0;
17995, 1.82038e-06, 0, 0;
18005, 1.79029e-06, 0, 0;
18015, 2.13631e-06, 0, 0;
18025, 2.00091e-06, 0, 0;
18035, 1.80533e-06, 0, 0;
18045, 1.68498e-06, 0, 0;
18055, 1.57967e-06, 0, 0;
18065, 1.95578e-06, 0, 0;
18075, 1.63984e-06, 0, 0;
18085, 2.04604e-06, 0, 0;
18095, 1.80533e-06, 0, 0;
18105, 1.82038e-06, 0, 0;
18115, 1.86551e-06, 0, 0;
18125, 1.4894e-06, 0, 0;
18135, 1.73011e-06, 0, 0;
18145, 2.54599e-06, 0, 0;
18155, 1.91064e-06, 0, 0;
18165, 2.56103e-06, 0, 0;
18175, 2.42563e-06, 0, 0;
18185, 1.73011e-06, 0, 0;
18195, 2.42563e-06, 0, 0;
18205, 1.83542e-06, 0, 0;
18215, 1.57967e-06, 0, 0;
18225, 1.51949e-06, 0, 0;
18235, 1.4894e-06, 0, 0;
18245, 1.73011e-06, 0, 0;
18255, 1.79029e-06, 0, 0;
18265, 1.60975e-06, 0, 0;
18275, 1.80533e-06, 0, 0;
18285, 0.00412199, 0, 0;
18295, 1.56462e-06, 0, 0;
18305, 1.73011e-06, 0, 0;
18315, 1.33895e-06, 0, 0;
18325, 1.70002e-06, 0, 0;
18335, 2.36545e-06, 0, 0;
18345, 1.74515e-06, 0, 0;
18355, 2.04604e-06, 0, 0;
18365, 1.54958e-06, 0, 0;
18375, 1.45931e-06, 0, 0;
18385, 1.4894e-06, 0, 0;
18395, 1.70002e-06, 0, 0;
18405, 1.38409e-06, 0, 0;
18415, 1.50444e-06, 0, 0;
18425, 1.33895e-06, 0, 0;
18435, 1.2186e-06, 0, 0;
18445, 1.59471e-06, 0, 0;
18455, 1.56462e-06, 0, 0;
18465, 1.12833e-06, 0, 0;
18475, 1.36904e-06, 0, 0;
18485, 1.4894e-06, 0, 0;
18495, 1.26373e-06, 0, 0;
18505, 1.56462e-06, 0, 0;
18515, 1.36904e-06, 0, 0;
18525, 2.1097e-06, 0, 0;
18535, 1.30887e-06, 0, 0;
18545, 1.47435e-06, 0, 0;
18555, 1.38409e-06, 0, 0;
18565, 2.2451e-06, 0, 0;
18575, 1.33895e-06, 0, 0;
18585, 2.39554e-06, 0, 0;
18595, 1.38409e-06, 0, 0;
18605, 1.24869e-06, 0, 0;
18615, 2.36545e-06, 0, 0;
18625, 1.4894e-06, 0, 0;
18635, 1.42922e-06, 0, 0;
18645, 1.50444e-06, 0, 0;
18655, 1.20355e-06, 0, 0;
18665, 1.354e-06, 0, 0;
18675, 1.14338e-06, 0, 0;
18685, 1.23364e-06, 0, 0;
18695, 1.36904e-06, 0, 0;
18705, 1.23364e-06, 0, 0;
18715, 1.24869e-06, 0, 0;
18725, 1.14338e-06, 0, 0;
18735, 1.354e-06, 0, 0;
18745, 2.29023e-06, 0, 0;
18755, 1.18851e-06, 0, 0;
18765, 1.11329e-06, 0, 0;
18775, 1.27878e-06, 0, 0;
18785, 1.09824e-06, 0, 0;
18795, 1.26373e-06, 0, 0;
18805, 1.15842e-06, 0, 0;
18815, 9.77888e-07, 0, 0;
18825, 1.18851e-06, 0, 0;
18835, 1.14338e-06, 0, 0;
18845, 1.38409e-06, 0, 0;
18855, 1.12833e-06, 0, 0;
18865, 9.92933e-07, 0, 0;
18875, 1.20355e-06, 0, 0;
18885, 1.20355e-06, 0, 0;
18895, 1.02302e-06, 0, 0;
18905, 2.98575e-06, 0, 0;
18915, 1.41418e-06, 0, 0;
18925, 1.00798e-06, 0, 0;
18935, 1.11329e-06, 0, 0;
18945, 1.20355e-06, 0, 0;
18955, 1.26373e-06, 0, 0;
18965, 1.80881e-06, 0, 0;
18975, 1.03807e-06, 0, 0;
18985, 1.11329e-06, 0, 0;
18995, 0.00106835, 0, 0;
19005, 1.14338e-06, 0, 0;
19015, 9.47799e-07, 0, 0;
19025, 1.36904e-06, 0, 0;
19035, 1.06815e-06, 0, 0;
19045, 8.72577e-07, 0, 0;
19055, 1.03807e-06, 0, 0;
19065, 9.77888e-07, 0, 0;
19075, 1.20355e-06, 0, 0;
19085, 1.77872e-06, 0, 0;
19095, 8.87622e-07, 0, 0;
19105, 9.77888e-07, 0, 0;
19115, 1.15842e-06, 0, 0;
19125, 9.92933e-07, 0, 0;
19135, 1.95925e-06, 0, 0;
19145, 8.42488e-07, 0, 0;
19155, 9.77888e-07, 0, 0;
19165, 9.62844e-07, 0, 0;
19175, 8.27444e-07, 0, 0;
19185, 8.42488e-07, 0, 0;
19195, 8.72577e-07, 0, 0;
19205, 8.27444e-07, 0, 0;
19215, 1.0832e-06, 0, 0;
19225, 8.57533e-07, 0, 0;
19235, 9.47799e-07, 0, 0;
19245, 7.97355e-07, 0, 0;
19255, 6.61955e-07, 0, 0;
19265, 7.67266e-07, 0, 0;
19275, 9.77888e-07, 0, 0;
19285, 8.57533e-07, 0, 0;
19295, 8.12399e-07, 0, 0;
19305, 9.47799e-07, 0, 0;
19315, 9.47799e-07, 0, 0;
19325, 1.80881e-06, 0, 0;
19335, 7.37177e-07, 0, 0;
19345, 1.06815e-06, 0, 0;
19355, 9.47799e-07, 0, 0;
19365, 9.92933e-07, 0, 0;
19375, 0.00412113, 0, 0;
19385, 7.07088e-07, 0, 0;
19395, 9.77888e-07, 0, 0;
19405, 9.1771e-07, 0, 0;
19415, 8.42488e-07, 0, 0;
19425, 7.67266e-07, 0, 0;
19435, 8.27444e-07, 0, 0;
19445, 9.77888e-07, 0, 0;
19455, 9.77888e-07, 0, 0;
19465, 9.1771e-07, 0, 0;
19475, 8.12399e-07, 0, 0;
19485, 8.72577e-07, 0, 0;
19495, 7.82311e-07, 0, 0;
19505, 7.37177e-07, 0, 0;
19515, 7.82311e-07, 0, 0;
19525, 7.97355e-07, 0, 0;
19535, 8.87622e-07, 0, 0;
19545, 8.42488e-07, 0, 0;
19555, 7.37177e-07, 0, 0;
19565, 8.72577e-07, 0, 0;
19575, 7.97355e-07, 0, 0;
19585, 7.82311e-07, 0, 0;
19595, 7.67266e-07, 0, 0;
19605, 7.97355e-07, 0, 0;
19615, 1.61323e-06, 0, 0;
19625, 8.72577e-07, 0, 0;
19635, 7.37177e-07, 0, 0;
19645, 6.61955e-07, 0, 0;
19655, 8.27444e-07, 0, 0;
19665, 7.67266e-07, 0, 0;
19675, 6.16822e-07, 0, 0;
19685, 7.67266e-07, 0, 0;
19695, 7.07088e-07, 0, 0;
19705, 6.92044e-07, 0, 0;
19715, 5.26555e-07, 0, 0;
19725, 6.92044e-07, 0, 0;
19735, 7.22133e-07, 0, 0;
19745, 5.71688e-07, 0, 0;
19755, 6.92044e-07, 0, 0;
19765, 8.87622e-07, 0, 0;
19775, 7.82311e-07, 0, 0;
19785, 6.92044e-07, 0, 0;
19795, 6.76999e-07, 0, 0;
19805, 7.22133e-07, 0, 0;
19815, 5.26555e-07, 0, 0;
19825, 6.31866e-07, 0, 0;
19835, 6.31866e-07, 0, 0;
19845, 6.76999e-07, 0, 0;
19855, 8.42488e-07, 0, 0;
19865, 5.56644e-07, 0, 0;
19875, 6.31866e-07, 0, 0;
19885, 5.11511e-07, 0, 0;
19895, 4.21244e-07, 0, 0;
19905, 5.11511e-07, 0, 0;
19915, 5.26555e-07, 0, 0;
19925, 6.46911e-07, 0, 0;
19935, 5.71688e-07, 0, 0;
19945, 3.91155e-07, 0, 0;
19955, 6.01777e-07, 0, 0;
19965, 5.86733e-07, 0, 0;
19975, 5.56644e-07, 0, 0;
19985, 3.91155e-07, 0, 0;
19995, 5.416e-07, 0, 0;
20005, 6.46911e-07, 0, 0;
20015, 6.31866e-07, 0, 0;
20025, 4.81422e-07, 0, 0;
20035, 5.71688e-07, 0, 0;
20045, 1.31234e-06, 0, 0;
20055, 6.31866e-07, 0, 0;
20065, 6.31866e-07, 0, 0;
20075, 7.22133e-07, 0, 0;
20085, 5.71688e-07, 0, 0;
20095, 5.71688e-07, 0, 0;
20105, 5.11511e-07, 0, 0;
20115, 4.66377e-07, 0, 0;
20125, 4.96466e-07, 0, 0;
20135, 4.51333e-07, 0, 0;
20145, 4.66377e-07, 0, 0;
20155, 5.71688e-07, 0, 0;
20165, 4.81422e-07, 0, 0;
20175, 6.01777e-07, 0, 0;
20185, 5.26555e-07, 0, 0;
20195, 5.56644e-07, 0, 0;
20205, 5.11511e-07, 0, 0;
20215, 5.56644e-07, 0, 0;
20225, 4.96466e-07, 0, 0;
20235, 4.96466e-07, 0, 0;
20245, 3.91155e-07, 0, 0;
20255, 3.76111e-07, 0, 0;
20265, 4.51333e-07, 0, 0;
20275, 5.56644e-07, 0, 0;
20285, 5.71688e-07, 0, 0;
20295, 6.46911e-07, 0, 0;
20305, 3.46022e-07, 0, 0;
20315, 4.81422e-07, 0, 0;
20325, 5.416e-07, 0, 0;
20335, 4.66377e-07, 0, 0;
20345, 4.21244e-07, 0, 0;
20355, 3.30978e-07, 0, 0;
20365, 4.36289e-07, 0, 0;
20375, 3.30978e-07, 0, 0;
20385, 5.11511e-07, 0, 0;
20395, 4.66377e-07, 0, 0;
20405, 4.81422e-07, 0, 0;
20415, 0.00412077, 0, 0;
20425, 4.51333e-07, 0, 0;
20435, 4.66377e-07, 0, 0;
20445, 5.416e-07, 0, 0;
20455, 4.062e-07, 0, 0;
20465, 4.81422e-07, 0, 0;
20475, 5.26555e-07, 0, 0;
20485, 3.15933e-07, 0, 0;
20495, 4.51333e-07, 0, 0;
20505, 5.26555e-07, 0, 0;
20515, 4.51333e-07, 0, 0;
20525, 5.416e-07, 0, 0;
20535, 4.96466e-07, 0, 0;
20545, 2.85844e-07, 0, 0;
20555, 6.01777e-07, 0, 0;
20565, 4.21244e-07, 0, 0;
20575, 3.91155e-07, 0, 0;
20585, 3.30978e-07, 0, 0;
20595, 3.46022e-07, 0, 0;
20605, 4.062e-07, 0, 0;
20615, 4.36289e-07, 0, 0;
20625, 3.61066e-07, 0, 0;
20635, 5.416e-07, 0, 0;
20645, 4.96466e-07, 0, 0;
20655, 2.85844e-07, 0, 0;
20665, 3.61066e-07, 0, 0;
20675, 5.56644e-07, 0, 0;
20685, 3.30978e-07, 0, 0;
20695, 3.30978e-07, 0, 0;
20705, 3.91155e-07, 0, 0;
20715, 3.61066e-07, 0, 0;
20725, 4.062e-07, 0, 0;
20735, 4.36289e-07, 0, 0;
20745, 3.15933e-07, 0, 0;
20755, 4.21244e-07, 0, 0;
20765, 3.30978e-07, 0, 0;
20775, 3.30978e-07, 0, 0;
20785, 4.51333e-07, 0, 0;
20795, 3.30978e-07, 0, 0;
20805, 2.55755e-07, 0, 0;
20815, 2.40711e-07, 0, 0;
20825, 4.062e-07, 0, 0;
20835, 3.61066e-07, 0, 0;
20845, 5.26555e-07, 0, 0;
20855, 3.91155e-07, 0, 0;
20865, 3.00889e-07, 0, 0;
20875, 3.61066e-07, 0, 0;
20885, 3.15933e-07, 0, 0;
20895, 3.46022e-07, 0, 0;
20905, 3.30978e-07, 0, 0;
20915, 3.46022e-07, 0, 0;
20925, 3.91155e-07, 0, 0;
20935, 3.61066e-07, 0, 0;
20945, 4.21244e-07, 0, 0;
20955, 3.91155e-07, 0, 0;
20965, 4.062e-07, 0, 0;
20975, 3.00889e-07, 0, 0;
20985, 3.61066e-07, 0, 0;
20995, 2.708e-07, 0, 0;
21005, 3.15933e-07, 0, 0;
21015, 2.10622e-07, 0, 0;
21025, 1.65489e-07, 0, 0;
21035, 3.61066e-07, 0, 0;
21045, 2.40711e-07, 0, 0;
21055, 2.85844e-07, 0, 0;
21065, 3.00889e-07, 0, 0;
21075, 2.85844e-07, 0, 0;
21085, 3.30978e-07, 0, 0;
21095, 2.25666e-07, 0, 0;
21105, 3.00889e-07, 0, 0;
21115, 3.15933e-07, 0, 0;
21125, 2.25666e-07, 0, 0;
21135, 3.76111e-07, 0, 0;
21145, 4.51333e-07, 0, 0;
21155, 3.61066e-07, 0, 0;
21165, 2.708e-07, 0, 0;
21175, 2.85844e-07, 0, 0;
21185, 3.00889e-07, 0, 0;
21195, 2.40711e-07, 0, 0;
21205, 2.10622e-07, 0, 0;
21215, 1.65489e-07, 0, 0;
21225, 3.00889e-07, 0, 0;
21235, 2.708e-07, 0, 0;
21245, 1.95578e-07, 0, 0;
21255, 1.80533e-07, 0, 0;
21265, 3.46022e-07, 0, 0;
21275, 1.80533e-07, 0, 0;
21285, 2.10622e-07, 0, 0;
21295, 2.40711e-07, 0, 0;
21305, 1.80533e-07, 0, 0;
21315, 3.91155e-07, 0, 0;
21325, 2.25666e-07, 0, 0;
21335, 3.00889e-07, 0, 0;
21345, 1.80533e-07, 0, 0;
21355, 2.25666e-07, 0, 0;
21365, 3.46022e-07, 0, 0;
21375, 1.1619e-06, 0, 0;
21385, 1.354e-07, 0, 0;
21395, 1.95578e-07, 0, 0;
21405, 1.50444e-07, 0, 0;
21415, 2.25666e-07, 0, 0;
21425, 1.50444e-07, 0, 0;
21435, 1.95578e-07, 0, 0;
21445, 3.46022e-07, 0, 0;
21455, 1.95578e-07, 0, 0;
21465, 2.708e-07, 0, 0;
21475, 2.40711e-07, 0, 0;
21485, 1.20355e-07, 0, 0;
21495, 2.10622e-07, 0, 0;
21505, 2.40711e-07, 0, 0;
21515, 2.40711e-07, 0, 0;
21525, 2.10622e-07, 0, 0;
21535, 2.55755e-07, 0, 0;
21545, 1.80533e-07, 0, 0;
21555, 2.25666e-07, 0, 0;
21565, 1.05311e-07, 0, 0;
21575, 1.50444e-07, 0, 0;
21585, 2.10622e-07, 0, 0;
21595, 2.25666e-07, 0, 0;
21605, 1.65489e-07, 0, 0;
21615, 2.55755e-07, 0, 0;
21625, 1.65489e-07, 0, 0;
21635, 2.40711e-07, 0, 0;
21645, 1.354e-07, 0, 0;
21655, 2.10622e-07, 0, 0;
21665, 1.95578e-07, 0, 0;
21675, 2.55755e-07, 0, 0;
21685, 1.95578e-07, 0, 0;
21695, 2.25666e-07, 0, 0;
21705, 2.25666e-07, 0, 0;
21715, 1.65489e-07, 0, 0;
21725, 1.65489e-07, 0, 0;
21735, 1.354e-07, 0, 0;
21745, 2.40711e-07, 0, 0;
21755, 1.20355e-07, 0, 0;
21765, 2.40711e-07, 0, 0;
21775, 2.85844e-07, 0, 0;
21785, 1.50444e-07, 0, 0;
21795, 2.10622e-07, 0, 0;
21805, 1.50444e-07, 0, 0;
21815, 2.55755e-07, 0, 0;
21825, 2.10622e-07, 0, 0;
21835, 1.20355e-07, 0, 0;
21845, 2.25666e-07, 0, 0;
21855, 1.95578e-07, 0, 0;
21865, 1.80533e-07, 0, 0;
21875, 2.10622e-07, 0, 0;
21885, 1.95578e-07, 0, 0;
21895, 9.02666e-08, 0, 0;
21905, 4.51333e-08, 0, 0;
21915, 1.95578e-07, 0, 0;
21925, 1.20355e-07, 0, 0;
21935, 1.354e-07, 0, 0;
21945, 1.95578e-07, 0, 0;
21955, 2.55755e-07, 0, 0;
21965, 1.95578e-07, 0, 0;
21975, 1.50444e-07, 0, 0;
21985, 7.52222e-08, 0, 0;
21995, 1.354e-07, 0, 0;
22005, 1.20355e-07, 0, 0;
22015, 1.65489e-07, 0, 0;
22025, 1.05311e-07, 0, 0;
22035, 1.20355e-07, 0, 0;
22045, 7.52222e-08, 0, 0;
22055, 9.02666e-08, 0, 0;
22065, 1.50444e-07, 0, 0;
22075, 1.354e-07, 0, 0;
22085, 1.354e-07, 0, 0;
22095, 1.65489e-07, 0, 0;
22105, 1.65489e-07, 0, 0;
22115, 1.20355e-07, 0, 0;
22125, 7.52222e-08, 0, 0;
22135, 1.50444e-07, 0, 0;
22145, 7.52222e-08, 0, 0;
22155, 1.50444e-07, 0, 0;
22165, 1.354e-07, 0, 0;
22175, 1.80533e-07, 0, 0;
22185, 9.02666e-08, 0, 0;
22195, 1.354e-07, 0, 0;
22205, 1.20355e-07, 0, 0;
22215, 9.02666e-08, 0, 0;
22225, 1.354e-07, 0, 0;
22235, 1.50444e-07, 0, 0;
22245, 1.65489e-07, 0, 0;
22255, 1.05311e-07, 0, 0;
22265, 1.20355e-07, 0, 0;
22275, 1.354e-07, 0, 0;
22285, 1.65489e-07, 0, 0;
22295, 3.00889e-08, 0, 0;
22305, 1.20355e-07, 0, 0;
22315, 9.02666e-08, 0, 0;
22325, 1.65489e-07, 0, 0;
22335, 1.05311e-07, 0, 0;
22345, 1.20355e-07, 0, 0;
22355, 2.10622e-07, 0, 0;
22365, 4.51333e-08, 0, 0;
22375, 1.354e-07, 0, 0;
22385, 9.02666e-08, 0, 0;
22395, 1.50444e-07, 0, 0;
22405, 1.65489e-07, 0, 0;
22415, 1.80533e-07, 0, 0;
22425, 1.95578e-07, 0, 0;
22435, 1.20355e-07, 0, 0;
22445, 1.05311e-07, 0, 0;
22455, 1.65489e-07, 0, 0;
22465, 1.65489e-07, 0, 0;
22475, 1.50444e-07, 0, 0;
22485, 6.01777e-08, 0, 0;
22495, 6.01777e-08, 0, 0;
22505, 1.05311e-07, 0, 0;
22515, 2.10622e-07, 0, 0;
22525, 1.05311e-07, 0, 0;
22535, 1.80533e-07, 0, 0;
22545, 7.52222e-08, 0, 0;
22555, 1.05311e-07, 0, 0;
22565, 1.50444e-07, 0, 0;
22575, 2.10622e-07, 0, 0;
22585, 1.20355e-07, 0, 0;
22595, 6.01777e-08, 0, 0;
22605, 9.02666e-08, 0, 0;
22615, 1.05311e-07, 0, 0;
22625, 1.20355e-07, 0, 0;
22635, 9.02666e-08, 0, 0;
22645, 7.52222e-08, 0, 0;
22655, 1.20355e-07, 0, 0;
22665, 1.50444e-07, 0, 0;
22675, 7.52222e-08, 0, 0;
22685, 9.02666e-08, 0, 0;
22695, 7.52222e-08, 0, 0;
22705, 1.50444e-07, 0, 0;
22715, 2.10622e-07, 0, 0;
22725, 1.05311e-07, 0, 0;
22735, 6.01777e-08, 0, 0;
22745, 7.52222e-08, 0, 0;
22755, 1.65489e-07, 0, 0;
22765, 3.00889e-08, 0, 0;
22775, 1.354e-07, 0, 0;
22785, 1.50444e-07, 0, 0;
22795, 1.354e-07, 0, 0;
22805, 9.02666e-08, 0, 0;
22815, 1.05311e-07, 0, 0;
22825, 1.50444e-07, 0, 0;
22835, 7.52222e-08, 0, 0;
22845, 1.80533e-07, 0, 0;
22855, 9.02666e-08, 0, 0;
22865, 9.02666e-08, 0, 0;
22875, 1.50444e-07, 0, 0;
22885, 1.50444e-07, 0, 0;
22895, 6.01777e-08, 0, 0;
22905, 1.20355e-07, 0, 0;
22915, 7.52222e-08, 0, 0;
22925, 4.51333e-08, 0, 0;
22935, 7.52222e-08, 0, 0;
22945, 7.52222e-08, 0, 0;
22955, 4.51333e-08, 0, 0;
22965, 1.354e-07, 0, 0;
22975, 7.52222e-08, 0, 0;
22985, 4.51333e-08, 0, 0;
22995, 1.05311e-07, 0, 0;
23005, 1.65489e-07, 0, 0;
23015, 9.02666e-08, 0, 0;
23025, 1.20355e-07, 0, 0;
23035, 1.05311e-07, 0, 0;
23045, 7.52222e-08, 0, 0;
23055, 9.02666e-08, 0, 0;
23065, 1.50444e-08, 0, 0;
23075, 9.02666e-08, 0, 0;
23085, 4.51333e-08, 0, 0;
23095, 9.02666e-08, 0, 0;
23105, 6.01777e-08, 0, 0;
23115, 1.20355e-07, 0, 0;
23125, 4.51333e-08, 0, 0;
23135, 9.02666e-08, 0, 0;
23145, 4.51333e-08, 0, 0;
23155, 1.20355e-07, 0, 0;
23165, 1.05311e-07, 0, 0;
23175, 1.354e-07, 0, 0;
23185, 7.52222e-08, 0, 0;
23195, 3.00889e-08, 0, 0;
23205, 3.00889e-08, 0, 0;
23215, 6.01777e-08, 0, 0;
23225, 7.52222e-08, 0, 0;
23235, 4.51333e-08, 0, 0;
23245, 9.02666e-08, 0, 0;
23255, 6.01777e-08, 0, 0;
23265, 4.51333e-08, 0, 0;
23275, 7.52222e-08, 0, 0;
23285, 4.51333e-08, 0, 0;
23295, 1.20355e-07, 0, 0;
23305, 9.02666e-08, 0, 0;
23315, 9.02666e-08, 0, 0;
23325, 3.00889e-08, 0, 0;
23335, 6.01777e-08, 0, 0;
23345, 6.01777e-08, 0, 0;
23355, 3.00889e-08, 0, 0;
23365, 4.51333e-08, 0, 0;
23375, 7.52222e-08, 0, 0;
23385, 4.51333e-08, 0, 0;
23395, 1.05311e-07, 0, 0;
23405, 7.52222e-08, 0, 0;
23415, 7.52222e-08, 0, 0;
23425, 4.51333e-08, 0, 0;
23435, 6.01777e-08, 0, 0;
23445, 6.01777e-08, 0, 0;
23455, 1.05311e-07, 0, 0;
23465, 9.02666e-08, 0, 0;
23475, 6.01777e-08, 0, 0;
23485, 7.52222e-08, 0, 0;
23495, 6.01777e-08, 0, 0;
23505, 4.51333e-08, 0, 0;
23515, 1.50444e-08, 0, 0;
23525, 1.20355e-07, 0, 0;
23535, 4.51333e-08, 0, 0;
23545, 6.01777e-08, 0, 0;
23555, 7.52222e-08, 0, 0;
23565, 9.02666e-08, 0, 0;
23575, 7.52222e-08, 0, 0;
23585, 4.51333e-08, 0, 0;
23595, 4.51333e-08, 0, 0;
23605, 7.52222e-08, 0, 0;
23615, 7.52222e-08, 0, 0;
23625, 9.02666e-08, 0, 0;
23635, 6.01777e-08, 0, 0;
23645, 4.51333e-08, 0, 0;
23655, 6.01777e-08, 0, 0;
23665, 7.52222e-08, 0, 0;
23675, 4.51333e-08, 0, 0;
23685, 4.51333e-08, 0, 0;
23695, 1.05311e-07, 0, 0;
23705, 6.01777e-08, 0, 0;
23715, 9.02666e-08, 0, 0;
23725, 4.51333e-08, 0, 0;
23735, 1.50444e-08, 0, 0;
23745, 4.51333e-08, 0, 0;
23755, 3.00889e-08, 0, 0;
23765, 6.01777e-08, 0, 0;
23775, 9.02666e-08, 0, 0;
23785, 3.00889e-08, 0, 0;
23795, 7.52222e-08, 0, 0;
23805, 7.52222e-08, 0, 0;
23815, 7.52222e-08, 0, 0;
23825, 6.01777e-08, 0, 0;
23835, 4.51333e-08, 0, 0;
23845, 1.05311e-07, 0, 0;
23855, 3.00889e-08, 0, 0;
23865, 1.05311e-07, 0, 0;
23875, 9.02666e-08, 0, 0;
23885, 4.51333e-08, 0, 0;
23895, 4.51333e-08, 0, 0;
23905, 1.05311e-07, 0, 0;
23915, 1.50444e-08, 0, 0;
23925, 1.50444e-08, 0, 0;
23935, 4.51333e-08, 0, 0;
23945, 3.00889e-08, 0, 0;
23955, 6.01777e-08, 0, 0;
23965, 4.51333e-08, 0, 0;
23975, 0, 0, -1;
23985, 6.01777e-08, 0, 0;
23995, 4.51333e-08, 0, 0;
24005, 3.00889e-08, 0, 0;
24015, 4.51333e-08, 0, 0;
24025, 1.50444e-08, 0, 0;
24035, 3.00889e-08, 0, 0;
24045, 4.51333e-08, 0, 0;
24055, 9.02666e-08, 0, 0;
24065, 3.00889e-08, 0, 0;
24075, 4.51333e-08, 0, 0;
24085, 6.01777e-08, 0, 0;
24095, 3.00889e-08, 0, 0;
24105, 1.50444e-08, 0, 0;
24115, 6.01777e-08, 0, 0;
24125, 3.00889e-08, 0, 0;
24135, 7.52222e-08, 0, 0;
24145, 4.51333e-08, 0, 0;
24155, 4.51333e-08, 0, 0;
24165, 7.52222e-08, 0, 0;
24175, 3.00889e-08, 0, 0;
24185, 3.00889e-08, 0, 0;
24195, 3.00889e-08, 0, 0;
24205, 6.01777e-08, 0, 0;
24215, 1.50444e-08, 0, 0;
24225, 1.50444e-08, 0, 0;
24235, 4.51333e-08, 0, 0;
24245, 4.51333e-08, 0, 0;
24255, 3.00889e-08, 0, 0;
24265, 3.00889e-08, 0, 0;
24275, 1.50444e-08, 0, 0;
24285, 3.00889e-08, 0, 0;
24295, 4.51333e-08, 0, 0;
24305, 7.52222e-08, 0, 0;
24315, 4.51333e-08, 0, 0;
24325, 4.51333e-08, 0, 0;
24335, 3.00889e-08, 0, 0;
24345, 3.00889e-08, 0, 0;
24355, 1.50444e-08, 0, 0;
24365, 3.00889e-08, 0, 0;
24375, 3.00889e-08, 0, 0;
24385, 0, 0, -1;
24395, 6.01777e-08, 0, 0;
24405, 4.51333e-08, 0, 0;
24415, 4.51333e-08, 0, 0;
24425, 4.51333e-08, 0, 0;
24435, 0, 0, -1;
24445, 1.50444e-08, 0, 0;
24455, 3.00889e-08, 0, 0;
24465, 3.00889e-08, 0, 0;
24475, 6.01777e-08, 0, 0;
24485, 7.52222e-08, 0, 0;
24495, 4.51333e-08, 0, 0;
24505, 0, 0, -1;
24515, 1.50444e-08, 0, 0;
24525, 6.01777e-08, 0, 0;
24535, 1.50444e-08, 0, 0;
24545, 1.50444e-08, 0, 0;
24555, 4.51333e-08, 0, 0;
24565, 0, 0, -1;
24575, 3.00889e-08, 0, 0;
24585, 4.51333e-08, 0, 0;
24595, 7.52222e-08, 0, 0;
24605, 4.51333e-08, 0, 0;
24615, 1.50444e-08, 0, 0;
24625, 4.51333e-08, 0, 0;
24635, 3.00889e-08, 0, 0;
24645, 4.51333e-08, 0, 0;
24655, 4.51333e-08, 0, 0;
24665, 3.00889e-08, 0, 0;
24675, 4.51333e-08, 0, 0;
24685, 1.50444e-08, 0, 0;
24695, 3.00889e-08, 0, 0;
24705, 0, 0, -1;
24715, 1.50444e-08, 0, 0;
24725, 0, 0, -1;
24735, 3.00889e-08, 0, 0;
24745, 1.50444e-08, 0, 0;
24755, 1.50444e-08, 0, 0;
24765, 3.00889e-08, 0, 0;
24775, 1.50444e-08, 0, 0;
24785, 1.50444e-08, 0, 0;
24795, 1.50444e-08, 0, 0;
24805, 1.50444e-08, 0, 0;
24815, 1.50444e-08, 0, 0;
24825, 3.00889e-08, 0, 0;
24835, 3.00889e-08, 0, 0;
24845, 6.01777e-08, 0, 0;
24855, 4.51333e-08, 0, 0;
24865, 3.00889e-08, 0, 0;
24875, 1.50444e-08, 0, 0;
24885, 1.50444e-08, 0, 0;
24895, 3.00889e-08, 0, 0;
24905, 1.50444e-08, 0, 0;
24915, 0, 0, -1;
24925, 4.51333e-08, 0, 0;
24935, 4.51333e-08, 0, 0;
24945, 1.50444e-08, 0, 0;
24955, 1.50444e-08, 0, 0;
24965, 7.52222e-08, 0, 0;
24975, 6.01777e-08, 0, 0;
24985, 1.50444e-08, 0, 0;
24995, 6.01777e-08, 0, 0;
25005, 1.50444e-08, 0, 0;
25015, 1.50444e-08, 0, 0;
25025, 1.50444e-08, 0, 0;
25035, 1.50444e-08, 0, 0;
25045, 0, 0, -1;
25055, 3.00889e-08, 0, 0;
25065, 4.51333e-08, 0, 0;
25075, 4.51333e-08, 0, 0;
25085, 4.51333e-08, 0, 0;
25095, 0, 0, -1;
25105, 6.01777e-08, 0, 0;
25115, 9.02666e-08, 0, 0;
25125, 1.50444e-08, 0, 0;
25135, 3.00889e-08, 0, 0;
25145, 4.51333e-08, 0, 0;
25155, 3.00889e-08, 0, 0;
25165, 0, 0, -1;
25175, 1.50444e-08, 0, 0;
25185, 1.50444e-08, 0, 0;
25195, 6.01777e-08, 0, 0;
25205, 3.00889e-08, 0, 0;
25215, 7.52222e-08, 0, 0;
25225, 1.50444e-08, 0, 0;
25235, 3.00889e-08, 0, 0;
25245, 0, 0, -1;
25255, 4.51333e-08, 0, 0;
25265, 1.50444e-08, 0, 0;
25275, 0, 0, -1;
25285, 0, 0, -1;
25295, 1.50444e-08, 0, 0;
25305, 3.00889e-08, 0, 0;
25315, 1.50444e-08, 0, 0;
25325, 3.00889e-08, 0, 0;
25335, 3.00889e-08, 0, 0;
25345, 1.50444e-08, 0, 0;
25355, 3.00889e-08, 0, 0;
25365, 1.50444e-08, 0, 0;
25375, 7.52222e-08, 0, 0;
25385, 0, 0, -1;
25395, 0, 0, -1;
25405, 6.01777e-08, 0, 0;
25415, 1.50444e-08, 0, 0;
25425, 0, 0, -1;
25435, 3.00889e-08, 0, 0;
25445, 4.51333e-08, 0, 0;
25455, 1.50444e-08, 0, 0;
25465, 3.00889e-08, 0, 0;
25475, 1.50444e-08, 0, 0;
25485, 0, 0, -1;
25495, 3.00889e-08, 0, 0;
25505, 6.01777e-08, 0, 0;
25515, 3.00889e-08, 0, 0;
25525, 4.51333e-08, 0, 0;
25535, 4.51333e-08, 0, 0;
25545, 6.01777e-08, 0, 0;
25555, 3.00889e-08, 0, 0;
25565, 1.50444e-08, 0, 0;
25575, 1.50444e-08, 0, 0;
25585, 3.00889e-08, 0, 0;
25595, 3.00889e-08, 0, 0;
25605, 3.00889e-08, 0, 0;
25615, 1.50444e-08, 0, 0;
25625, 3.00889e-08, 0, 0;
25635, 0, 0, -1;
25645, 0, 0, -1;
25655, 0, 0, -1;
25665, 3.00889e-08, 0, 0;
25675, 3.00889e-08, 0, 0;
25685, 3.00889e-08, 0, 0;
25695, 4.51333e-08, 0, 0;
25705, 3.00889e-08, 0, 0;
25715, 1.50444e-08, 0, 0;
25725, 3.00889e-08, 0, 0;
25735, 0, 0, -1;
25745, 4.51333e-08, 0, 0;
25755, 1.50444e-08, 0, 0;
25765, 4.51333e-08, 0, 0;
25775, 1.50444e-08, 0, 0;
25785, 0, 0, -1;
25795, 0, 0, -1;
25805, 0, 0, -1;
25815, 0, 0, -1;
25825, 1.50444e-08, 0, 0;
25835, 0, 0, -1;
25845, 3.00889e-08, 0, 0;
25855, 3.00889e-08, 0, 0;
25865, 4.51333e-08, 0, 0;
25875, 1.50444e-08, 0, 0;
25885, 1.50444e-08, 0, 0;
25895, 1.50444e-08, 0, 0;
25905, 1.50444e-08, 0, 0;
25915, 1.50444e-08, 0, 0;
25925, 0, 0, -1;
25935, 1.50444e-08, 0, 0;
25945, 1.50444e-08, 0, 0;
25955, 0, 0, -1;
25965, 1.50444e-08, 0, 0;
25975, 0, 0, -1;
25985, 1.50444e-08, 0, 0;
25995, 0, 0, -1;
26005, 0, 0, -1;
26015, 0, 0, -1;
26025, 1.50444e-08, 0, 0;
26035, 0, 0, -1;
26045, 0, 0, -1;
26055, 0, 0, -1;
26065, 3.00889e-08, 0, 0;
26075, 0, 0, -1;
26085, 3.00889e-08, 0, 0;
26095, 4.51333e-08, 0, 0;
26105, 1.50444e-08, 0, 0;
26115, 3.00889e-08, 0, 0;
26125, 0, 0, -1;
26135, 1.50444e-08, 0, 0;
26145, 3.00889e-08, 0, 0;
26155, 0, 0, -1;
26165, 3.00889e-08, 0, 0;
26175, 1.50444e-08, 0, 0;
26185, 1.50444e-08, 0, 0;
26195, 1.50444e-08, 0, 0;
26205, 0, 0, -1;
26215, 3.00889e-08, 0, 0;
26225, 1.50444e-08, 0, 0;
26235, 3.00889e-08, 0, 0;
26245, 0, 0, -1;
26255, 3.00889e-08, 0, 0;
26265, 0, 0, -1;
26275, 0, 0, -1;
26285, 1.50444e-08, 0, 0;
26295, 1.50444e-08, 0, 0;
26305, 0, 0, -1;
26315, 0, 0, -1;
26325, 0, 0, -1;
26335, 3.00889e-08, 0, 0;
26345, 0, 0, -1;
26355, 0, 0, -1;
26365, 0, 0, -1;
26375, 0, 0, -1;
26385, 1.50444e-08, 0, 0;
26395, 1.50444e-08, 0, 0;
26405, 0, 0, -1;
26415, 3.00889e-08, 0, 0;
26425, 0, 0, -1;
26435, 1.50444e-08, 0, 0;
26445, 1.50444e-08, 0, 0;
26455, 1.50444e-08, 0, 0;
26465, 1.50444e-08, 0, 0;
26475, 1.50444e-08, 0, 0;
26485, 1.50444e-08, 0, 0;
26495, 0, 0, -1;
26505, 1.50444e-08, 0, 0;
26515, 1.50444e-08, 0, 0;
26525, 1.50444e-08, 0, 0;
26535, 0, 0, -1;
26545, 0, 0, -1;
26555, 0, 0, -1;
26565, 0, 0, -1;
26575, 0, 0, -1;
26585, 3.00889e-08, 0, 0;
26595, 1.50444e-08, 0, 0;
26605, 0, 0, -1;
26615, 0, 0, -1;
26625, 1.50444e-08, 0, 0;
26635, 0, 0, -1;
26645, 0, 0, -1;
26655, 3.00889e-08, 0, 0;
26665, 0, 0, -1;
26675, 1.50444e-08, 0, 0;
26685, 0, 0, -1;
26695, 0, 0, -1;
26705, 0, 0, -1;
26715, 1.50444e-08, 0, 0;
26725, 1.50444e-08, 0, 0;
26735, 1.50444e-08, 0, 0;
26745, 0, 0, -1;
26755, 3.00889e-08, 0, 0;
26765, 1.50444e-08, 0, 0;
26775, 0, 0, -1;
26785, 1.50444e-08, 0, 0;
26795, 0, 0, -1;
26805, 1.50444e-08, 0, 0;
26815, 0, 0, -1;
26825, 1.50444e-08, 0, 0;
26835, 0, 0, -1;
26845, 1.50444e-08, 0, 0;
26855, 0, 0, -1;
26865, 0, 0, -1;
26875, 1.50444e-08, 0, 0;
26885, 0, 0, -1;
26895, 0, 0, -1;
26905, 0, 0, -1;
26915, 0, 0, -1;
26925, 0, 0, -1;
26935, 0, 0, -1;
26945, 0, 0, -1;
26955, 0, 0, -1;
26965, 0, 0, -1;
26975, 0, 0, -1;
26985, 0, 0, -1;
26995, 0, 0, -1;
27005, 0, 0, -1;
27015, 1.50444e-08, 0, 0;
27025, 0, 0, -1;
27035, 0, 0, -1;
27045, 0, 0, -1;
27055, 3.00889e-08, 0, 0;
27065, 0, 0, -1;
27075, 0, 0, -1;
27085, 0, 0, -1;
27095, 0, 0, -1;
27105, 1.50444e-08, 0, 0;
27115, 0, 0, -1;
27125, 3.00889e-08, 0, 0;
27135, 1.50444e-08, 0, 0;
27145, 0, 0, -1;
27155, 1.50444e-08, 0, 0;
27165, 0, 0, -1;
27175, 0, 0, -1;
27185, 0, 0, -1;
27195, 0, 0, -1;
27205, 0, 0, -1;
27215, 1.50444e-08, 0, 0;
27225, 0, 0, -1;
27235, 0, 0, -1;
27245, 0, 0, -1;
27255, 0, 0, -1;
27265, 1.50444e-08, 0, 0;
27275, 0, 0, -1;
27285, 0, 0, -1;
27295, 0, 0, -1;
27305, 0, 0, -1;
27315, 1.50444e-08, 0, 0;
27325, 0, 0, -1;
27335, 1.50444e-08, 0, 0;
27345, 0, 0, -1;
27355, 0, 0, -1;
27365, 0, 0, -1;
27375, 1.50444e-08, 0, 0;
27385, 1.50444e-08, 0, 0;
27395, 0, 0, -1;
27405, 0, 0, -1;
27415, 0, 0, -1;
27425, 0, 0, -1;
27435, 1.50444e-08, 0, 0;
27445, 0, 0, -1;
27455, 1.50444e-08, 0, 0;
27465, 0, 0, -1;
27475, 0, 0, -1;
27485, 0, 0, -1;
27495, 1.50444e-08, 0, 0;
27505, 0, 0, -1;
27515, 0, 0, -1;
27525, 0, 0, -1;
27535, 0, 0, -1;
27545, 0, 0, -1;
27555, 0, 0, -1;
27565, 1.50444e-08, 0, 0;
27575, 0, 0, -1;
27585, 0, 0, -1;
27595, 0, 0, -1;
27605, 0, 0, -1;
27615, 0, 0, -1;
27625, 0, 0, -1;
27635, 0, 0, -1;
27645, 0, 0, -1;
27655, 0, 0, -1;
27665, 1.50444e-08, 0, 0;
27675, 0, 0, -1;
27685, 1.50444e-08, 0, 0;
27695, 1.50444e-08, 0, 0;
27705, 1.50444e-08, 0, 0;
27715, 0, 0, -1;
27725, 0, 0, -1;
27735, 0, 0, -1;
27745, 0, 0, -1;
27755, 0, 0, -1;
27765, 0, 0, -1;
27775, 0, 0, -1;
27785, 0, 0, -1;
27795, 0, 0, -1;
27805, 0, 0, -1;
27815, 0, 0, -1;
27825, 0, 0, -1;
27835, 0, 0, -1;
27845, 0, 0, -1;
27855, 0, 0, -1;
27865, 0, 0, -1;
27875, 0, 0, -1;
27885, 0, 0, -1;
27895, 0, 0, -1;
27905, 0, 0, -1;
27915, 0, 0, -1;
27925, 0, 0, -1;
27935, 0, 0, -1;
27945, 0, 0, -1;
27955, 0, 0, -1;
27965, 0, 0, -1;
27975, 0, 0, -1;
27985, 0, 0, -1;
27995, 1.50444e-08, 0, 0;
28005, 0, 0, -1;
28015, 0, 0, -1;
28025, 0, 0, -1;
28035, 0, 0, -1;
28045, 0, 0, -1;
28055, 0, 0, -1;
28065, 0, 0, -1;
28075, 0, 0, -1;
28085, 0, 0, -1;
28095, 0, 0, -1;
28105, 0, 0, -1;
28115, 1.50444e-08, 0, 0;
28125, 1.50444e-08, 0, 0;
28135, 0, 0, -1;
28145, 1.50444e-08, 0, 0;
28155, 0, 0, -1;
28165, 1.50444e-08, 0, 0;
28175, 1.50444e-08, 0, 0;
28185, 0, 0, -1;
28195, 0, 0, -1;
28205, 0, 0, -1;
28215, 0, 0, -1;
28225, 0, 0, -1;
28235, 0, 0, -1;
28245, 0, 0, -1;
28255, 0, 0, -1;
28265, 0, 0, -1;
28275, 0, 0, -1;
28285, 0, 0, -1;
28295, 0, 0, -1;
28305, 3.00889e-08, 0, 0;
28315, 0, 0, -1;
28325, 0, 0, -1;
28335, 1.50444e-08, 0, 0;
28345, 0, 0, -1;
28355, 0, 0, -1;
28365, 0, 0, -1;
28375, 0, 0, -1;
28385, 0, 0, -1;
28395, 0, 0, -1;
28405, 0, 0, -1;
28415, 0, 0, -1;
28425, 0, 0, -1;
28435, 0, 0, -1;
28445, 1.50444e-08, 0, 0;
28455, 1.50444e-08, 0, 0;
28465, 0, 0, -1;
28475, 1.50444e-08, 0, 0;
28485, 0, 0, -1;
28495, 0, 0, -1;
28505, 0, 0, -1;
28515, 1.50444e-08, 0, 0;
28525, 1.50444e-08, 0, 0;
28535, 0, 0, -1;
28545, 0, 0, -1;
28555, 0, 0, -1;
28565, 0, 0, -1;
28575, 3.00889e-08, 0, 0;
28585, 1.50444e-08, 0, 0;
28595, 0, 0, -1;
28605, 0, 0, -1;
28615, 0, 0, -1;
28625, 1.50444e-08, 0, 0;
28635, 1.50444e-08, 0, 0;
28645, 0, 0, -1;
28655, 0, 0, -1;
28665, 1.50444e-08, 0, 0;
28675, 0, 0, -1;
28685, 0, 0, -1;
28695, 0, 0, -1;
28705, 0, 0, -1;
28715, 0, 0, -1;
28725, 0, 0, -1;
28735, 1.50444e-08, 0, 0;
28745, 0, 0, -1;
28755, 0, 0, -1;
28765, 0, 0, -1;
28775, 0, 0, -1;
28785, 0, 0, -1;
28795, 0, 0, -1;
28805, 0, 0, -1;
28815, 0, 0, -1;
28825, 0, 0, -1;
28835, 0, 0, -1;
28845, 0, 0, -1;
28855, 0, 0, -1;
28865, 0, 0, -1;
28875, 0, 0, -1;
28885, 0, 0, -1;
28895, 1.50444e-08, 0, 0;
28905, 0, 0, -1;
28915, 0, 0, -1;
28925, 0, 0, -1;
28935, 0, 0, -1;
28945, 0, 0, -1;
28955, 0, 0, -1;
28965, 0, 0, -1;
28975, 0, 0, -1;
28985, 0, 0, -1;
28995, 0, 0, -1;
29005, 0, 0, -1;
29015, 0, 0, -1;
29025, 0, 0, -1;
29035, 0, 0, -1;
29045, 0, 0, -1;
29055, 0, 0, -1;
29065, 0, 0, -1;
29075, 0, 0, -1;
29085, 0, 0, -1;
29095, 0, 0, -1;
29105, 0, 0, -1;
29115, 1.50444e-08, 0, 0;
29125, 0, 0, -1;
29135, 0, 0, -1;
29145, 0, 0, -1;
29155, 0, 0, -1;
29165, 0, 0, -1;
29175, 0, 0, -1;
29185, 0, 0, -1;
29195, 0, 0, -1;
29205, 0, 0, -1;
29215, 0, 0, -1;
29225, 0, 0, -1;
29235, 0, 0, -1;
29245, 0, 0, -1;
29255, 0, 0, -1;
29265, 0, 0, -1;
29275, 0, 0, -1;
29285, 0, 0, -1;
29295, 0, 0, -1;
29305, 0, 0, -1;
29315, 0, 0, -1;
29325, 0, 0, -1;
29335, 1.50444e-08, 0, 0;
29345, 1.50444e-08, 0, 0;
29355, 0, 0, -1;
29365, 0, 0, -1;
29375, 0, 0, -1;
29385, 0, 0, -1;
29395, 0, 0, -1;
29405, 0, 0, -1;
29415, 0, 0, -1;
29425, 0, 0, -1;
29435, 0, 0, -1;
29445, 0, 0, -1;
29455, 0, 0, -1;
29465, 0, 0, -1;
29475, 0, 0, -1;
29485, 0, 0, -1;
29495, 0, 0, -1;
29505, 1.50444e-08, 0, 0;
29515, 0, 0, -1;
29525, 1.50444e-08, 0, 0;
29535, 0, 0, -1;
29545, 0, 0, -1;
29555, 0, 0, -1;
29565, 0, 0, -1;
29575, 0, 0, -1;
29585, 0, 0, -1;
29595, 0, 0, -1;
29605, 0, 0, -1;
29615, 0, 0, -1;
29625, 0, 0, -1;
29635, 0, 0, -1;
29645, 0, 0, -1;
29655, 0, 0, -1;
29665, 0, 0, -1;
29675, 0, 0, -1;
29685, 0, 0, -1;
29695, 0, 0, -1;
29705, 0, 0, -1;
29715, 0, 0, -1;
29725, 0, 0, -1;
29735, 0, 0, -1;
29745, 0, 0, -1;
29755, 0, 0, -1;
29765, 0, 0, -1;
29775, 0, 0, -1;
29785, 0, 0, -1;
29795, 0, 0, -1;
29805, 0, 0, -1;
29815, 0, 0, -1;
29825, 0, 0, -1;
29835, 0, 0, -1;
29845, 0, 0, -1;
29855, 1.50444e-08, 0, 0;
29865, 0, 0, -1;
29875, 0, 0, -1;
29885, 0, 0, -1;
29895, 0, 0, -1;
29905, 0, 0, -1;
29915, 0, 0, -1;
29925, 0, 0, -1;
29935, 0, 0, -1;
29945, 0, 0, -1;
29955, 0, 0, -1;
29965, 0, 0, -1;
29975, 0, 0, -1;
29985, 0, 0, -1;
29995, 0, 0, -1;
30005, 0, 0, -1;
30015, 0, 0, -1;
30025, 0, 0, -1;
30035, 0, 0, -1;
30045, 0, 0, -1;
30055, 0, 0, -1;
30065, 0, 0, -1;
30075, 0, 0, -1;
30085, 0, 0, -1;
30095, 0, 0, -1;
30105, 0, 0, -1;
30115, 0, 0, -1;
30125, 0, 0, -1;
30135, 0, 0, -1;
30145, 0, 0, -1;
30155, 0, 0, -1;
30165, 0, 0, -1;
30175, 1.50444e-08, 0, 0;
30185, 0, 0, -1;
30195, 0, 0, -1;
30205, 1.50444e-08, 0, 0;
30215, 0, 0, -1;
30225, 0, 0, -1;
30235, 0, 0, -1;
30245, 0, 0, -1;
30255, 0, 0, -1;
30265, 0, 0, -1;
30275, 0, 0, -1;
30285, 0, 0, -1;
30295, 0, 0, -1;
30305, 0, 0, -1;
30315, 0, 0, -1;
30325, 0, 0, -1;
30335, 0, 0, -1;
30345, 0, 0, -1;
30355, 0, 0, -1;
30365, 0, 0, -1;
30375, 0, 0, -1;
30385, 0, 0, -1;
30395, 0, 0, -1;
30405, 0, 0, -1;
30415, 0, 0, -1;
30425, 0, 0, -1;
30435, 0, 0, -1;
30445, 0, 0, -1;
30455, 0, 0, -1;
30465, 0, 0, -1;
30475, 0, 0, -1;
30485, 0, 0, -1;
30495, 0, 0, -1;
30505, 0, 0, -1;
30515, 0, 0, -1;
30525, 0, 0, -1;
30535, 0, 0, -1;
30545, 0, 0, -1;
30555, 0, 0, -1;
30565, 0, 0, -1;
30575, 0, 0, -1;
30585, 0, 0, -1;
30595, 0, 0, -1;
30605, 0, 0, -1;
30615, 0, 0, -1;
30625, 0, 0, -1;
30635, 0, 0, -1;
30645, 0, 0, -1;
30655, 0, 0, -1;
30665, 1.50444e-08, 0, 0;
30675, 1.50444e-08, 0, 0;
30685, 0, 0, -1;
30695, 0, 0, -1;
30705, 0, 0, -1;
30715, 0, 0, -1;
30725, 0, 0, -1;
30735, 0, 0, -1;
30745, 0, 0, -1;
30755, 0, 0, -1;
30765, 0, 0, -1;
30775, 0, 0, -1;
30785, 0, 0, -1;
30795, 0, 0, -1;
30805, 0, 0, -1;
30815, 0, 0, -1;
30825, 0, 0, -1;
30835, 1.50444e-08, 0, 0;
30845, 0, 0, -1;
30855, 0, 0, -1;
30865, 0, 0, -1;
30875, 0, 0, -1;
30885, 0, 0, -1;
30895, 0, 0, -1;
30905, 0, 0, -1;
30915, 0, 0, -1;
30925, 0, 0, -1;
30935, 0, 0, -1;
30945, 0, 0, -1;
30955, 0, 0, -1;
30965, 0, 0, -1;
30975, 1.50444e-08, 0, 0;
30985, 0, 0, -1;
30995, 0, 0, -1;
31005, 0, 0, -1;
31015, 0, 0, -1;
31025, 0, 0, -1;
31035, 0, 0, -1;
31045, 0, 0, -1;
31055, 0, 0, -1;
31065, 0, 0, -1;
31075, 0, 0, -1;
31085, 0, 0, -1;
31095, 0, 0, -1;
31105, 0, 0, -1;
31115, 0, 0, -1;
31125, 0, 0, -1;
31135, 0, 0, -1;
31145, 0, 0, -1;
31155, 0, 0, -1;
31165, 0, 0, -1;
31175, 0, 0, -1;
31185, 0, 0, -1;
31195, 0, 0, -1;
31205, 0, 0, -1;
31215, 0, 0, -1;
31225, 0, 0, -1;
31235, 0, 0, -1;
31245, 0, 0, -1;
31255, 0, 0, -1;
31265, 0, 0, -1;
31275, 0, 0, -1;
31285, 0, 0, -1;
31295, 0, 0, -1;
31305, 0, 0, -1;
31315, 0, 0, -1;
31325, 0, 0, -1;
31335, 0, 0, -1;
31345, 0, 0, -1;
31355, 0, 0, -1;
31365, 0, 0, -1;
31375, 0, 0, -1;
31385, 0, 0, -1;
31395, 0, 0, -1;
31405, 0, 0, -1;
31415, 0, 0, -1;
31425, 0, 0, -1;
31435, 0, 0, -1;
31445, 0, 0, -1;
31455, 0, 0, -1;
31465, 0, 0, -1;
31475, 0, 0, -1;
31485, 0, 0, -1;
31495, 1.50444e-08, 0, 0;
31505, 0, 0, -1;
31515, 0, 0, -1;
31525, 0, 0, -1;
31535, 0, 0, -1;
31545, 0, 0, -1;
31555, 0, 0, -1;
31565, 0, 0, -1;
31575, 0, 0, -1;
31585, 0, 0, -1;
31595, 0, 0, -1;
31605, 0, 0, -1;
31615, 0, 0, -1;
31625, 0, 0, -1;
31635, 0, 0, -1;
31645, 0, 0, -1;
31655, 0, 0, -1;
31665, 0, 0, -1;
31675, 0, 0, -1;
31685, 0, 0, -1;
31695, 0, 0, -1;
31705, 0, 0, -1;
31715, 0, 0, -1;
31725, 0, 0, -1;
31735, 0, 0, -1;
31745, 0, 0, -1;
31755, 0, 0, -1;
31765, 0, 0, -1;
31775, 0, 0, -1;
31785, 0, 0, -1;
31795, 0, 0, -1;
31805, 0, 0, -1;
31815, 0, 0, -1;
31825, 0, 0, -1;
31835, 0, 0, -1;
31845, 0, 0, -1;
31855, 0, 0, -1;
31865, 0, 0, -1;
31875, 0, 0, -1;
31885, 0, 0, -1;
31895, 0, 0, -1;
31905, 0, 0, -1;
31915, 0, 0, -1;
31925, 0, 0, -1;
31935, 0, 0, -1;
31945, 0, 0, -1;
31955, 0, 0, -1;
31965, 0, 0, -1;
31975, 0, 0, -1;
31985, 0, 0, -1;
31995, 0, 0, -1;
32005, 0, 0, -1;
32015, 0, 0, -1;
32025, 0, 0, -1;
32035, 0, 0, -1;
32045, 0, 0, -1;
32055, 0, 0, -1;
32065, 0, 0, -1;
32075, 0, 0, -1;
32085, 0, 0, -1;
32095, 0, 0, -1;
32105, 0, 0, -1;
32115, 0, 0, -1;
32125, 0, 0, -1;
32135, 0, 0, -1;
32145, 0, 0, -1;
32155, 0, 0, -1;
32165, 0, 0, -1;
32175, 0, 0, -1;
32185, 0, 0, -1;
32195, 0, 0, -1;
32205, 0, 0, -1;
32215, 0, 0, -1;
32225, 0, 0, -1;
32235, 0, 0, -1;
32245, 0, 0, -1;
32255, 0, 0, -1;
32265, 0, 0, -1;
32275, 0, 0, -1;
32285, 0, 0, -1;
32295, 0, 0, -1;
32305, 0, 0, -1;
32315, 0, 0, -1;
32325, 0, 0, -1;
32335, 0, 0, -1;
32345, 0, 0, -1;
32355, 0, 0, -1;
32365, 0, 0, -1;
32375, 0, 0, -1;
32385, 0, 0, -1;
32395, 0, 0, -1;
32405, 0, 0, -1;
32415, 0, 0, -1;
32425, 0, 0, -1;
32435, 0, 0, -1;
32445, 0, 0, -1;
32455, 0, 0, -1;
32465, 0, 0, -1;
32475, 0, 0, -1;
32485, 0, 0, -1;
32495, 0, 0, -1;
32505, 0, 0, -1;
32515, 0, 0, -1;
32525, 0, 0, -1;
32535, 0, 0, -1;
32545, 0, 0, -1;
32555, 0, 0, -1;
32565, 0, 0, -1;
32575, 0, 0, -1;
32585, 0, 0, -1;
32595, 0, 0, -1;
32605, 0, 0, -1;
32615, 0, 0, -1;
32625, 0, 0, -1;
32635, 0, 0, -1;
32645, 0, 0, -1;
32655, 0, 0, -1;
32665, 1.50444e-08, 0, 0;
32675, 0, 0, -1;
32685, 0, 0, -1;
32695, 0, 0, -1;
32705, 1.50444e-08, 0, 0;
32715, 0, 0, -1;
32725, 0, 0, -1;
32735, 0, 0, -1;
32745, 0, 0, -1;
32755, 0, 0, -1;
32765, 0, 0, -1;
32775, 0, 0, -1;
32785, 0, 0, -1;
32795, 0, 0, -1;
32805, 0, 0, -1;
32815, 0, 0, -1;
32825, 0, 0, -1;
32835, 0, 0, -1;
32845, 0, 0, -1;
32855, 0, 0, -1;
32865, 0, 0, -1;
32875, 0, 0, -1;
32885, 0, 0, -1;
32895, 0, 0, -1;
32905, 0, 0, -1;
32915, 0, 0, -1;
32925, 0, 0, -1;
32935, 0, 0, -1;
32945, 0, 0, -1;
32955, 0, 0, -1;
32965, 0, 0, -1;
32975, 0, 0, -1;
32985, 0, 0, -1;
32995, 0, 0, -1;
33005, 0, 0, -1;
33015, 0, 0, -1;
33025, 0, 0, -1;
33035, 0, 0, -1;
33045, 0, 0, -1;
33055, 0, 0, -1;
33065, 0, 0, -1;
33075, 0, 0, -1;
33085, 0, 0, -1;
33095, 0, 0, -1;
33105, 0, 0, -1;
33115, 0, 0, -1;
33125, 0, 0, -1;
33135, 0, 0, -1;
33145, 0, 0, -1;
33155, 0, 0, -1;
33165, 0, 0, -1;
33175, 0, 0, -1;
33185, 0, 0, -1;
33195, 0, 0, -1;
33205, 0, 0, -1;
33215, 0, 0, -1;
33225, 0, 0, -1;
33235, 0, 0, -1;
33245, 0, 0, -1;
33255, 0, 0, -1;
33265, 0, 0, -1;
33275, 0, 0, -1;
33285, 0, 0, -1;
33295, 0, 0, -1;
33305, 0, 0, -1;
33315, 0, 0, -1;
33325, 0, 0, -1;
33335, 0, 0, -1;
33345, 0, 0, -1;
33355, 0, 0, -1;
33365, 0, 0, -1;
33375, 0, 0, -1;
33385, 0, 0, -1;
33395, 0, 0, -1;
33405, 0, 0, -1;
33415, 0, 0, -1;
33425, 0, 0, -1;
33435, 0, 0, -1;
33445, 0, 0, -1;
33455, 0, 0, -1;
33465, 0, 0, -1;
33475, 0, 0, -1;
33485, 0, 0, -1;
33495, 0, 0, -1;
33505, 0, 0, -1;
33515, 0, 0, -1;
33525, 0, 0, -1;
33535, 0, 0, -1;
33545, 0, 0, -1;
33555, 0, 0, -1;
33565, 0, 0, -1;
33575, 0, 0, -1;
33585, 0, 0, -1;
33595, 0, 0, -1;
33605, 0, 0, -1;
33615, 0, 0, -1;
33625, 0, 0, -1;
33635, 0, 0, -1;
33645, 0, 0, -1;
33655, 0, 0, -1;
33665, 0, 0, -1;
33675, 0, 0, -1;
33685, 0, 0, -1;
33695, 0, 0, -1;
33705, 0, 0, -1;
33715, 0, 0, -1;
33725, 0, 0, -1;
33735, 0, 0, -1;
33745, 0, 0, -1;
33755, 0, 0, -1;
33765, 0, 0, -1;
33775, 0, 0, -1;
33785, 0, 0, -1;
33795, 0, 0, -1;
33805, 0, 0, -1;
33815, 0, 0, -1;
33825, 0, 0, -1;
33835, 0, 0, -1;
33845, 0, 0, -1;
33855, 0, 0, -1;
33865, 0, 0, -1;
33875, 0, 0, -1;
33885, 0, 0, -1;
33895, 0, 0, -1;
33905, 0, 0, -1;
33915, 0, 0, -1;
33925, 0, 0, -1;
33935, 0, 0, -1;
33945, 0, 0, -1;
33955, 0, 0, -1;
33965, 0, 0, -1;
33975, 0, 0, -1;
33985, 0, 0, -1;
33995, 0, 0, -1;
34005, 0, 0, -1;
34015, 0, 0, -1;
34025, 0, 0, -1;
34035, 0, 0, -1;
34045, 0, 0, -1;
34055, 0, 0, -1;
34065, 0, 0, -1;
34075, 0, 0, -1;
34085, 0, 0, -1;
34095, 0, 0, -1;
34105, 0, 0, -1;
34115, 0, 0, -1;
34125, 0, 0, -1;
34135, 0, 0, -1;
34145, 0, 0, -1;
34155, 0, 0, -1;
34165, 0, 0, -1;
34175, 0, 0, -1;
34185, 0, 0, -1;
34195, 0, 0, -1;
34205, 0, 0, -1;
34215, 0, 0, -1;
34225, 0, 0, -1;
34235, 0, 0, -1;
34245, 0, 0, -1;
34255, 0, 0, -1;
34265, 0, 0, -1;
34275, 0, 0, -1;
34285, 0, 0, -1;
34295, 0, 0, -1;
34305, 0, 0, -1;
34315, 0, 0, -1;
34325, 0, 0, -1;
34335, 0, 0, -1;
34345, 0, 0, -1;
34355, 0, 0, -1;
34365, 0, 0, -1;
34375, 0, 0, -1;
34385, 0, 0, -1;
34395, 0, 0, -1;
34405, 0, 0, -1;
34415, 0, 0, -1;
34425, 0, 0, -1;
34435, 0, 0, -1;
34445, 0, 0, -1;
34455, 0, 0, -1;
34465, 0, 0, -1;
34475, 0, 0, -1;
34485, 0, 0, -1;
34495, 0, 0, -1;
34505, 0, 0, -1;
34515, 0, 0, -1;
34525, 0, 0, -1;
34535, 0, 0, -1;
34545, 0, 0, -1;
34555, 0, 0, -1;
34565, 0, 0, -1;
34575, 0, 0, -1;
34585, 0, 0, -1;
34595, 0, 0, -1;
34605, 0, 0, -1;
34615, 0, 0, -1;
34625, 0, 0, -1;
34635, 0, 0, -1;
34645, 0, 0, -1;
34655, 0, 0, -1;
34665, 0, 0, -1;
34675, 0, 0, -1;
34685, 0, 0, -1;
34695, 0, 0, -1;
34705, 0, 0, -1;
34715, 0, 0, -1;
34725, 0, 0, -1;
34735, 0, 0, -1;
34745, 0, 0, -1;
34755, 0, 0, -1;
34765, 0, 0, -1;
34775, 0, 0, -1;
34785, 0, 0, -1;
34795, 0, 0, -1;
34805, 0, 0, -1;
34815, 0, 0, -1;
34825, 0, 0, -1;
34835, 0, 0, -1;
34845, 0, 0, -1;
34855, 0, 0, -1;
34865, 0, 0, -1;
34875, 0, 0, -1;
34885, 0, 0, -1;
34895, 0, 0, -1;
34905, 0, 0, -1;
34915, 0, 0, -1;
34925, 0, 0, -1;
34935, 0, 0, -1;
34945, 0, 0, -1;
34955, 0, 0, -1;
34965, 0, 0, -1;
34975, 0, 0, -1;
34985, 0, 0, -1;
34995, 0, 0, -1;
35005, 0, 0, -1;
35015, 0, 0, -1;
35025, 0, 0, -1;
35035, 0, 0, -1;
35045, 0, 0, -1;
35055, 0, 0, -1;
35065, 0, 0, -1;
35075, 0, 0, -1;
35085, 0, 0, -1;
35095, 0, 0, -1;
35105, 0, 0, -1;
35115, 0, 0, -1;
35125, 0, 0, -1;
35135, 0, 0, -1;
35145, 0, 0, -1;
35155, 0, 0, -1;
35165, 0, 0, -1;
35175, 0, 0, -1;
35185, 0, 0, -1;
35195, 0, 0, -1;
35205, 0, 0, -1;
35215, 0, 0, -1;
35225, 0, 0, -1;
35235, 0, 0, -1;
35245, 0, 0, -1;
35255, 0, 0, -1;
35265, 0, 0, -1;
35275, 0, 0, -1;
35285, 0, 0, -1;
35295, 0, 0, -1;
35305, 0, 0, -1;
35315, 0, 0, -1;
35325, 0, 0, -1;
35335, 0, 0, -1;
35345, 0, 0, -1;
35355, 0, 0, -1;
35365, 0, 0, -1;
35375, 0, 0, -1;
35385, 0, 0, -1;
35395, 0, 0, -1;
35405, 0, 0, -1;
35415, 0, 0, -1;
35425, 0, 0, -1;
35435, 0, 0, -1;
35445, 0, 0, -1;
35455, 0, 0, -1;
35465, 0, 0, -1;
35475, 0, 0, -1;
35485, 0, 0, -1;
35495, 0, 0, -1;
35505, 0, 0, -1;
35515, 0, 0, -1;
35525, 0, 0, -1;
35535, 0, 0, -1;
35545, 0, 0, -1;
35555, 0, 0, -1;
35565, 0, 0, -1;
35575, 0, 0, -1;
35585, 0, 0, -1;
35595, 0, 0, -1;
35605, 0, 0, -1;
35615, 0, 0, -1;
35625, 0, 0, -1;
35635, 0, 0, -1;
35645, 0, 0, -1;
35655, 0, 0, -1;
35665, 0, 0, -1;
35675, 0, 0, -1;
35685, 0, 0, -1;
35695, 0, 0, -1;
35705, 0, 0, -1;
35715, 0, 0, -1;
35725, 0, 0, -1;
35735, 0, 0, -1;
35745, 0, 0, -1;
35755, 0, 0, -1;
35765, 0, 0, -1;
35775, 0, 0, -1;
35785, 0, 0, -1;
35795, 0, 0, -1;
35805, 0, 0, -1;
35815, 0, 0, -1;
35825, 0, 0, -1;
35835, 0, 0, -1;
35845, 0, 0, -1;
35855, 0, 0, -1;
35865, 0, 0, -1;
35875, 0, 0, -1;
35885, 0, 0, -1;
35895, 0, 0, -1;
35905, 0, 0, -1;
35915, 0, 0, -1;
35925, 0, 0, -1;
35935, 0, 0, -1;
35945, 0, 0, -1;
35955, 0, 0, -1;
35965, 0, 0, -1;
35975, 0, 0, -1;
35985, 0, 0, -1;
35995, 0, 0, -1;
36005, 0, 0, -1;
36015, 0, 0, -1;
36025, 0, 0, -1;
36035, 0, 0, -1;
36045, 0, 0, -1;
36055, 0, 0, -1;
36065, 0, 0, -1;
36075, 0, 0, -1;
36085, 0, 0, -1;
36095, 0, 0, -1;
36105, 0, 0, -1;
36115, 0, 0, -1;
36125, 0, 0, -1;
36135, 0, 0, -1;
36145, 0, 0, -1;
36155, 0, 0, -1;
36165, 0, 0, -1;
36175, 0, 0, -1;
36185, 0, 0, -1;
36195, 0, 0, -1;
36205, 0, 0, -1;
36215, 0, 0, -1;
36225, 0, 0, -1;
36235, 0, 0, -1;
36245, 0, 0, -1;
36255, 0, 0, -1;
36265, 0, 0, -1;
36275, 0, 0, -1;
36285, 0, 0, -1;
36295, 0, 0, -1;
36305, 0, 0, -1;
36315, 0, 0, -1;
36325, 0, 0, -1;
36335, 0, 0, -1;
36345, 0, 0, -1;
36355, 0, 0, -1;
36365, 0, 0, -1;
36375, 0, 0, -1;
36385, 0, 0, -1;
36395, 0, 0, -1;
36405, 0, 0, -1;
36415, 0, 0, -1;
36425, 0, 0, -1;
36435, 0, 0, -1;
36445, 0, 0, -1;
36455, 0, 0, -1;
36465, 0, 0, -1;
36475, 0, 0, -1;
36485, 0, 0, -1;
36495, 0, 0, -1;
36505, 0, 0, -1;
36515, 0, 0, -1;
36525, 0, 0, -1;
36535, 0, 0, -1;
36545, 0, 0, -1;
36555, 0, 0, -1;
36565, 0, 0, -1;
36575, 0, 0, -1;
36585, 0, 0, -1;
36595, 0, 0, -1;
36605, 0, 0, -1;
36615, 0, 0, -1;
36625, 0, 0, -1;
36635, 0, 0, -1;
36645, 0, 0, -1;
36655, 0, 0, -1;
36665, 0, 0, -1;
36675, 0, 0, -1;
36685, 0, 0, -1;
36695, 0, 0, -1;
36705, 0, 0, -1;
36715, 0, 0, -1;
36725, 0, 0, -1;
36735, 0, 0, -1;
36745, 0, 0, -1;
36755, 0, 0, -1;
36765, 0, 0, -1;
36775, 0, 0, -1;
36785, 0, 0, -1;
36795, 0, 0, -1;
36805, 0, 0, -1;
36815, 0, 0, -1;
36825, 0, 0, -1;
36835, 0, 0, -1;
36845, 0, 0, -1;
36855, 0, 0, -1;
36865, 0, 0, -1;
36875, 0, 0, -1;
36885, 0, 0, -1;
36895, 0, 0, -1;
36905, 0, 0, -1;
36915, 0, 0, -1;
36925, 0, 0, -1;
36935, 0, 0, -1;
36945, 0, 0, -1;
36955, 0, 0, -1;
36965, 0, 0, -1;
36975, 0, 0, -1;
36985, 0, 0, -1;
36995, 0, 0, -1;
37005, 0, 0, -1;
37015, 0, 0, -1;
37025, 0, 0, -1;
37035, 0, 0, -1;
37045, 0, 0, -1;
37055, 0, 0, -1;
37065, 0, 0, -1;
37075, 0, 0, -1;
37085, 0, 0, -1;
37095, 0, 0, -1;
37105, 0, 0, -1;
37115, 0, 0, -1;
37125, 0, 0, -1;
37135, 0, 0, -1;
37145, 0, 0, -1;
37155, 0, 0, -1;
37165, 0, 0, -1;
37175, 0, 0, -1;
37185, 0, 0, -1;
37195, 0, 0, -1;
37205, 0, 0, -1;
37215, 0, 0, -1;
37225, 0, 0, -1;
37235, 0, 0, -1;
37245, 0, 0, -1;
37255, 0, 0, -1;
37265, 0, 0, -1;
37275, 0, 0, -1;
37285, 0, 0, -1;
37295, 0, 0, -1;
37305, 0, 0, -1;
37315, 0, 0, -1;
37325, 0, 0, -1;
37335, 0, 0, -1;
37345, 0, 0, -1;
37355, 0, 0, -1;
37365, 0, 0, -1;
37375, 0, 0, -1;
37385, 0, 0, -1;
37395, 0, 0, -1;
37405, 0, 0, -1;
37415, 0, 0, -1;
37425, 0, 0, -1;
37435, 0, 0, -1;
37445, 0, 0, -1;
37455, 0, 0, -1;
37465, 0, 0, -1;
37475, 0, 0, -1;
37485, 0, 0, -1;
37495, 0, 0, -1;
37505, 0, 0, -1;
37515, 0, 0, -1;
37525, 0, 0, -1;
37535, 0, 0, -1;
37545, 0, 0, -1;
37555, 0, 0, -1;
37565, 0, 0, -1;
37575, 0, 0, -1;
37585, 0, 0, -1;
37595, 0, 0, -1;
37605, 0, 0, -1;
37615, 0, 0, -1;
37625, 0, 0, -1;
37635, 0, 0, -1;
37645, 0, 0, -1;
37655, 0, 0, -1;
37665, 0, 0, -1;
37675, 0, 0, -1;
37685, 0, 0, -1;
37695, 0, 0, -1;
37705, 0, 0, -1;
37715, 0, 0, -1;
37725, 0, 0, -1;
37735, 0, 0, -1;
37745, 0, 0, -1;
37755, 0, 0, -1;
37765, 0, 0, -1;
37775, 0, 0, -1;
37785, 0, 0, -1;
37795, 0, 0, -1;
37805, 0, 0, -1;
37815, 0, 0, -1;
37825, 0, 0, -1;
37835, 0, 0, -1;
37845, 0, 0, -1;
37855, 0, 0, -1;
37865, 0, 0, -1;
37875, 0, 0, -1;
37885, 0, 0, -1;
37895, 0, 0, -1;
37905, 0, 0, -1;
37915, 0, 0, -1;
37925, 0, 0, -1;
37935, 0, 0, -1;
37945, 0, 0, -1;
37955, 0, 0, -1;
37965, 0, 0, -1;
37975, 0, 0, -1;
37985, 0, 0, -1;
37995, 0, 0, -1;
38005, 0, 0, -1;
38015, 0, 0, -1;
38025, 0, 0, -1;
38035, 0, 0, -1;
38045, 0, 0, -1;
38055, 0, 0, -1;
38065, 0, 0, -1;
38075, 0, 0, -1;
38085, 0, 0, -1;
38095, 0, 0, -1;
38105, 0, 0, -1;
38115, 0, 0, -1;
38125, 0, 0, -1;
38135, 0, 0, -1;
38145, 0, 0, -1;
38155, 0, 0, -1;
38165, 0, 0, -1;
38175, 0, 0, -1;
38185, 0, 0, -1;
38195, 0, 0, -1;
38205, 0, 0, -1;
38215, 0, 0, -1;
38225, 0, 0, -1;
38235, 0, 0, -1;
38245, 0, 0, -1;
38255, 0, 0, -1;
38265, 0, 0, -1;
38275, 0, 0, -1;
38285, 0, 0, -1;
38295, 0, 0, -1;
38305, 0, 0, -1;
38315, 0, 0, -1;
38325, 0, 0, -1;
38335, 0, 0, -1;
38345, 0, 0, -1;
38355, 0, 0, -1;
38365, 0, 0, -1;
38375, 0, 0, -1;
38385, 0, 0, -1;
38395, 0, 0, -1;
38405, 0, 0, -1;
38415, 0, 0, -1;
38425, 0, 0, -1;
38435, 0, 0, -1;
38445, 0, 0, -1;
38455, 0, 0, -1;
38465, 0, 0, -1;
38475, 0, 0, -1;
38485, 0, 0, -1;
38495, 0, 0, -1;
38505, 0, 0, -1;
38515, 0, 0, -1;
38525, 0, 0, -1;
38535, 0, 0, -1;
38545, 0, 0, -1;
38555, 0, 0, -1;
38565, 0, 0, -1;
38575, 0, 0, -1;
38585, 0, 0, -1;
38595, 0, 0, -1;
38605, 0, 0, -1;
38615, 0, 0, -1;
38625, 0, 0, -1;
38635, 0, 0, -1;
38645, 0, 0, -1;
38655, 0, 0, -1;
38665, 0, 0, -1;
38675, 0, 0, -1;
38685, 0, 0, -1;
38695, 0, 0, -1;
38705, 0, 0, -1;
38715, 0, 0, -1;
38725, 0, 0, -1;
38735, 0, 0, -1;
38745, 0, 0, -1;
38755, 0, 0, -1;
38765, 0, 0, -1;
38775, 0, 0, -1;
38785, 0, 0, -1;
38795, 0, 0, -1;
38805, 0, 0, -1;
38815, 0, 0, -1;
38825, 0, 0, -1;
38835, 0, 0, -1;
38845, 0, 0, -1;
38855, 0, 0, -1;
38865, 0, 0, -1;
38875, 0, 0, -1;
38885, 0, 0, -1;
38895, 0, 0, -1;
38905, 0, 0, -1;
38915, 0, 0, -1;
38925, 0, 0, -1;
38935, 0, 0, -1;
38945, 0, 0, -1;
38955, 0, 0, -1;
38965, 0, 0, -1;
38975, 0, 0, -1;
38985, 0, 0, -1;
38995, 0, 0, -1;
39005, 0, 0, -1;
39015, 0, 0, -1;
39025, 0, 0, -1;
39035, 0, 0, -1;
39045, 0, 0, -1;
39055, 0, 0, -1;
39065, 0, 0, -1;
39075, 0, 0, -1;
39085, 0, 0, -1;
39095, 0, 0, -1;
39105, 0, 0, -1;
39115, 0, 0, -1;
39125, 0, 0, -1;
39135, 0, 0, -1;
39145, 0, 0, -1;
39155, 0, 0, -1;
39165, 0, 0, -1;
39175, 0, 0, -1;
39185, 0, 0, -1;
39195, 0, 0, -1;
39205, 0, 0, -1;
39215, 0, 0, -1;
39225, 0, 0, -1;
39235, 0, 0, -1;
39245, 0, 0, -1;
39255, 0, 0, -1;
39265, 0, 0, -1;
39275, 0, 0, -1;
39285, 0, 0, -1;
39295, 0, 0, -1;
39305, 0, 0, -1;
39315, 0, 0, -1;
39325, 0, 0, -1;
39335, 0, 0, -1;
39345, 0, 0, -1;
39355, 0, 0, -1;
39365, 0, 0, -1;
39375, 0, 0, -1;
39385, 0, 0, -1;
39395, 0, 0, -1;
39405, 0, 0, -1;
39415, 0, 0, -1;
39425, 0, 0, -1;
39435, 0, 0, -1;
39445, 0, 0, -1;
39455, 0, 0, -1;
39465, 0, 0, -1;
39475, 0, 0, -1;
39485, 0, 0, -1;
39495, 0, 0, -1;
39505, 0, 0, -1;
39515, 0, 0, -1;
39525, 0, 0, -1;
39535, 0, 0, -1;
39545, 0, 0, -1;
39555, 0, 0, -1;
39565, 0, 0, -1;
39575, 0, 0, -1;
39585, 0, 0, -1;
39595, 0, 0, -1;
39605, 0, 0, -1;
39615, 0, 0, -1;
39625, 0, 0, -1;
39635, 0, 0, -1;
39645, 0, 0, -1;
39655, 0, 0, -1;
39665, 0, 0, -1;
39675, 0, 0, -1;
39685, 0, 0, -1;
39695, 0, 0, -1;
39705, 0, 0, -1;
39715, 0, 0, -1;
39725, 0, 0, -1;
39735, 0, 0, -1;
39745, 0, 0, -1;
39755, 0, 0, -1;
39765, 0, 0, -1;
39775, 0, 0, -1;
39785, 0, 0, -1;
39795, 0, 0, -1;
39805, 0, 0, -1;
39815, 0, 0, -1;
39825, 0, 0, -1;
39835, 0, 0, -1;
39845, 0, 0, -1;
39855, 0, 0, -1;
39865, 0, 0, -1;
39875, 0, 0, -1;
39885, 0, 0, -1;
39895, 0, 0, -1;
39905, 0, 0, -1;
39915, 0, 0, -1;
39925, 0, 0, -1;
39935, 0, 0, -1;
39945, 0, 0, -1;
39955, 0, 0, -1;
39965, 0, 0, -1;
39975, 0, 0, -1;
39985, 0, 0, -1;
39995, 0, 0, -1;
